453.596	-164.218	0.0773373	453.345	-162.234	0.076699	0.000320518	-0.02718	-1.99584	-0.971986	0.0817664	0	-0.99984
0.376039	0	0	0	0	0	3.023e-05	0	0	0	453.596	-164.218	0.0773373	453.345	-162.234	0.076699	0.000320518	-0.02718	-1.99584	-0.971986	0.0195569	0	-0.99984
0.376039	0	0	0	0	0	3.7933e-05	0	0	0	453.596	-164.218	0.0773373	453.345	-162.234	0.076699	0.000320518	-0.02718	-1.99584	-0.971986	0.0189429	0	-0.99984
0.376039	0	0	0	0	0	2.21e-05	0	0	0	453.596	-164.218	0.0773373	453.345	-162.234	0.076699	0.000320518	-0.02718	-1.99584	-0.971986	0.0194002	0	-0.99984
0.376039	0	0	0	0	0	2.2562e-05	0	0	0	453.635	-164.215	0.0774385	453.348	-162.234	0.0743025	0.00279316	0.0045739	-1.99623	-0.971993	0.0203226	-0.104999	-0.999988
0.417383	0.0394562	0	0	0	0	2.3192e-05	0	0	0	453.644	-164.215	0.0774611	453.351	-162.233	0.0719059	0.00519974	0.0103441	-1.99625	-0.971983	0.0193953	-0.153164	-0.999971
0.436733	0.0591843	0	0	0	0	2.1982e-05	0	0	0	453.654	-164.214	0.0774861	453.355	-162.233	0.0687105	0.00840774	0.0177092	-1.99624	-0.971985	0.0193342	-0.198655	-0.999975
0.456853	0.0789125	0	0	0	0	2.3494e-05	0	0	0	453.665	-164.214	0.0775137	453.36	-162.233	0.0647163	0.012417	0.0266689	-1.99616	-0.971995	0.0241405	-0.241618	-0.999992
0.477714	0.0986406	0	0	0	0	2.7793e-05	0	0	0	453.695	-164.212	0.0775898	453.366	-162.232	0.0599232	0.0172862	0.0602497	-1.99591	-0.971989	0.0244836	-0.282194	-0.999983
0.486828	0.118369	0	0	0	0	2.5386e-05	0	0	0	453.725	-164.21	0.0776659	453.373	-162.232	0.0543318	0.0229536	0.0944355	-1.99528	-0.971996	0.0218823	-0.320516	-0.999995
0.496484	0.138079	0	0	0	0	2.471e-05	0	0	0	453.755	-164.208	0.077742	453.381	-162.232	0.0479424	0.0294191	0.129221	-1.99419	-0.971997	0.0290865	-0.356709	-0.999996
0.507084	0.157789	0	0	0	0	2.7056e-05	0	0	0	453.785	-164.206	0.0778181	453.39	-162.231	0.0407541	0.0366836	0.164601	-1.99254	-0.971992	0.0233965	-0.390892	-0.999989
0.518422	0.177517	0	0	0	0	2.7044e-05	0	0	0	453.814	-164.204	0.0778942	453.399	-162.231	0.0327668	0.0447469	0.200567	-1.99025	-0.971997	0.025939	-0.423175	-0.999996
0.53016	0.197245	0	0	0	0	2.8076e-05	0	0	0	453.844	-164.202	0.0779703	453.41	-162.231	0.0239808	0.053609	0.237106	-1.98724	-0.971993	0.0209191	-0.453665	-0.999991
0.54229	0.216973	0	0	0	0	2.4797e-05	0	0	0	453.874	-164.2	0.0780443	453.422	-162.23	0.0143975	0.0632684	0.274203	-1.98342	-0.971994	0.0203601	-0.482461	-0.999992
0.554787	0.236659	0	0	0	0	2.453e-05	0	0	0	453.904	-164.198	0.0780892	453.435	-162.23	0.00401919	0.0737228	0.311837	-1.9787	-0.971994	0.0254887	-0.509657	-0.999992
0.567635	0.256296	0	0	0	0	2.8389e-05	0	0	0	453.934	-164.195	0.078134	453.449	-162.231	6.27604	0.0849671	0.349984	-1.973	-0.971998	0.0303218	-0.535343	-0.999997
0.580803	0.275803	0	0	0	0	2.7994e-05	0	0	0	453.964	-164.192	0.0781789	453.463	-162.231	6.26409	0.0969937	0.388612	-1.96622	-0.971995	0.0252774	-0.559601	-0.999993
0.594276	0.295115	0	0	0	0	2.6441e-05	0	0	0	453.993	-164.19	0.0782238	453.479	-162.231	6.25136	0.109794	0.427685	-1.95828	-0.971995	0.0502788	-0.582512	-0.999993
0.608023	0.314234	0	0	0	0	2.6347e-05	0	0	0	453.993	-164.19	0.0782238	453.479	-162.231	6.25136	0.109794	0.427685	-1.95828	-0.971995	0.0208157	-0.582512	-0.999993
0.608023	0.314234	0	0	0	0	2.3128e-05	0	0	0	454.053	-164.185	0.0783135	453.513	-162.233	6.22362	0.137654	0.506899	-1.93782	-0.971998	0.0209908	-0.624586	-0.999998
0.636202	0.351901	0	0	0	0	2.3479e-05	0	0	0	454.083	-164.182	0.0783584	453.532	-162.235	6.20862	0.1527	0.54693	-1.92519	-0.971998	0.0240261	-0.643886	-0.999998
0.650574	0.370452	0	0	0	0	2.4952e-05	0	0	0	454.113	-164.18	0.0784033	453.551	-162.236	6.19287	0.168489	0.587195	-1.91106	-0.971998	0.0240652	-0.662115	-0.999998
0.665054	0.388818	0	0	0	0	2.5245e-05	0	0	0	454.143	-164.177	0.0784482	453.571	-162.238	6.17639	0.185016	0.627633	-1.89537	-0.971998	0.0505861	-0.679331	-0.999998
0.679595	0.407	0	0	0	0	2.5796e-05	0	0	0	454.143	-164.177	0.0784482	453.571	-162.238	6.17639	0.185016	0.627633	-1.89537	-0.971998	0.0248765	-0.679331	-0.999998
0.679595	0.407	0	0	0	0	4.1946e-05	0	0	0	454.202	-164.172	0.0785379	453.614	-162.244	6.14123	0.220266	0.708766	-1.85894	-0.971998	0.0209136	-0.710946	-0.999998
0.708707	0.443221	0	0	0	0	2.2495e-05	0	0	0	454.232	-164.169	0.0785828	453.637	-162.248	6.12255	0.238995	0.749323	-1.83804	-0.971998	0.0263566	-0.725449	-0.999998
0.723205	0.461399	0	0	0	0	2.8023e-05	0	0	0	454.262	-164.167	0.0786277	453.661	-162.252	6.10313	0.258462	0.789769	-1.81524	-0.971995	0.022443	-0.739146	-0.999994
0.73759	0.479623	0	0	0	0	2.3129e-05	0	0	0	454.292	-164.164	0.0786725	453.685	-162.257	6.08296	0.278669	0.830017	-1.79048	-0.971998	0.0232437	-0.752082	-0.999998
0.751787	0.497892	0	0	0	0	2.614e-05	0	0	0	454.321	-164.161	0.0787174	453.71	-162.263	6.06206	0.299617	0.869973	-1.76366	-0.971998	0.0453545	-0.7643	-0.999998
0.765739	0.516207	0	0	0	0	2.6976e-05	0	0	0	454.351	-164.159	0.0787623	453.736	-162.269	6.04041	0.321308	0.909535	-1.73473	-0.971995	0.0198635	-0.775839	-0.999993
0.779375	0.534568	0	0	0	0	3.2105e-05	0	0	0	454.381	-164.156	0.0788072	453.763	-162.276	6.01802	0.343746	0.948597	-1.70361	-0.971995	0.0215435	-0.786736	-0.999993
0.792623	0.552975	0	0	0	0	2.6004e-05	0	0	0	454.411	-164.154	0.0788083	453.79	-162.285	5.99488	0.36693	0.987039	-1.67024	-0.971995	0.0527614	-0.797028	-0.999992
0.805416	0.571428	0	0	0	0	2.71e-05	0	0	0	454.411	-164.154	0.0788083	453.79	-162.285	5.99488	0.36693	0.987039	-1.67024	-0.971995	0.0208097	-0.797028	-0.999992
0.805416	0.571428	0	0	0	0	2.3368e-05	0	0	0	454.471	-164.148	0.0788083	453.847	-162.304	5.9464	0.415505	1.06154	-1.59655	-0.971998	0.0210218	-0.815929	-0.999997
0.829291	0.607686	0	0	0	0	2.3213e-05	0	0	0	454.5	-164.146	0.0788083	453.876	-162.315	5.92107	0.440878	1.09733	-1.55617	-0.971993	0.026197	-0.824599	-0.999989
0.840346	0.625482	0	0	0	0	2.7189e-05	0	0	0	454.53	-164.143	0.0788083	453.906	-162.327	5.89503	0.466963	1.13194	-1.51338	-0.971993	0.0492022	-0.832788	-0.999987
0.850647	0.643069	0	0	0	0	2.6553e-05	0	0	0	454.56	-164.14	0.0788083	453.936	-162.34	5.86829	0.493708	1.1652	-1.46813	-0.971992	0.0203332	-0.840522	-0.999985
0.860025	0.66045	0	0	0	0	2.6618e-05	0	0	0	454.59	-164.138	0.0788083	453.967	-162.355	5.84085	0.521148	1.19698	-1.42046	-0.971996	0.0549934	-0.847826	-0.999993
0.868381	0.677628	0	0	0	0	2.7187e-05	0	0	0	454.59	-164.138	0.0788083	453.967	-162.355	5.84085	0.521148	1.19698	-1.42046	-0.971996	0.0218762	-0.847826	-0.999993
0.868381	0.677628	0	0	0	0	2.6401e-05	0	0	0	454.649	-164.132	0.0788083	454.029	-162.388	5.78391	0.578082	1.2554	-1.31786	-0.971994	0.0199415	-0.861239	-0.999978
0.882028	0.711382	0	0	0	0	2.1822e-05	0	0	0	454.679	-164.13	0.0788083	454.061	-162.406	5.75443	0.60756	1.28171	-1.26297	-0.971977	0.0589	-0.867392	-0.997708
0.886888	0.727963	0	0	0	0	3.171e-05	0	0	0	454.679	-164.13	0.0788083	454.061	-162.406	5.75443	0.60756	1.28171	-1.26297	-0.971977	0.0221218	-0.867392	-0.997708
0.886888	0.727963	0	0	0	0	4.5855e-05	0	0	0	454.739	-164.124	0.0788083	454.124	-162.447	5.6935	0.668496	1.32764	-1.14616	-0.97178	0.0208432	-0.878691	-0.832062
0.89254	0.760526	0	0	0	0	2.3543e-05	0	0	0	454.769	-164.122	0.0788083	454.155	-162.469	5.66205	0.699941	1.3469	-1.08436	-0.893153	0.0427694	-0.883873	-0.746586
0.893039	0.776564	0	0	0	0	2.5777e-05	0	0	0	454.798	-164.119	0.0788083	454.187	-162.493	5.62997	0.732022	1.36343	-1.02038	-0.789426	0.0192177	-0.888757	-0.659556
0.891601	0.792612	0	0	0	0	2.3058e-05	0	0	0	454.828	-164.117	0.0788083	454.218	-162.519	5.6023	0.759695	1.37222	-0.961443	-0.692593	0.0373709	-0.889001	-0.578293
0.887811	0.80852	0	0	0	0	2.5509e-05	0	0	0	454.858	-164.114	0.0788083	454.25	-162.546	5.57945	0.782547	1.37364	-0.908531	-0.603932	0.0184743	-0.883469	-0.503589
0.882242	0.824326	0	0	0	0	2.4015e-05	0	0	0	454.888	-164.111	0.0788101	454.281	-162.573	5.56027	0.801725	1.36943	-0.860317	-0.520854	0.0195564	-0.872865	-0.433224
0.875376	0.839934	0	0	0	0	2.488e-05	0	0	0	454.918	-164.108	0.0788208	454.313	-162.602	5.54399	0.818006	1.36074	-0.815869	-0.441451	0.0220058	-0.857924	-0.365772
0.867515	0.855348	0	0	0	0	2.3875e-05	0	0	0	454.947	-164.105	0.0788314	454.344	-162.632	5.53014	0.831851	1.34832	-0.774637	-0.364742	0.0211526	-0.839198	-0.301969
0.85886	0.870672	0	0	0	0	2.7243e-05	0	0	0	454.977	-164.102	0.0788421	454.376	-162.663	5.51846	0.843536	1.33267	-0.736282	-0.291618	0.0277627	-0.817101	-0.24108
0.849557	0.885908	0	0	0	0	2.3549e-05	0	0	0	455.008	-164.099	0.0788531	454.409	-162.694	5.50875	0.85324	1.31417	-0.700576	-0.221621	0.0178044	-0.79197	-0.182672
0.852696	0.900972	0	0	0	0	2.3656e-05	0	0	0	455.04	-164.095	0.0788644	454.441	-162.726	5.50087	0.861124	1.29308	-0.667257	-0.154402	0.0202773	-0.764173	-0.12643
0.855409	0.915949	0	0	0	0	2.5739e-05	0	0	0	455.072	-164.092	0.0788762	454.474	-162.759	5.4947	0.867304	1.26943	-0.635976	-0.0896972	0.0237342	-0.734031	-0.0721462
0.857993	0.930756	0	0	0	0	2.93e-05	0	0	0	455.106	-164.089	0.0788882	454.507	-162.793	5.49017	0.871849	1.24372	-0.606837	-0.0273862	0.0288067	-0.701829	-0.019809
0.86058	0.945477	0	0	0	0	3.2489e-05	0	0	0	455.141	-164.085	0.0789006	454.541	-162.827	5.48722	0.874812	1.21613	-0.579731	0.0326488	0.0291079	-0.667822	0.0306681
0.863298	0.960113	0	0	0	0	2.7672e-05	0	0	0	455.176	-164.081	0.0789134	454.575	-162.862	5.48581	0.876228	1.18741	-0.553792	0.090507	0.0397022	-0.632242	0.0793571
0.866274	0.974665	0	0	0	0	2.6919e-05	0	0	0	455.213	-164.077	0.0789265	454.609	-162.898	5.48593	0.876119	1.15771	-0.528933	0.14624	0.0266593	-0.595304	0.126296
0.869607	0.989048	0	0	0	0	2.4967e-05	0	0	0	455.251	-164.074	0.07894	454.644	-162.933	5.48756	0.874499	1.12716	-0.505083	0.1999	0.0392339	-0.557203	0.171526
0.87342	1.00335	0	0	0	0	2.6642e-05	0	0	0	455.289	-164.07	0.0789538	454.68	-162.97	5.49071	0.871368	1.09586	-0.482179	0.251506	0.0178481	-0.518123	0.21506
0.877775	1.01748	0	0	0	0	3.6601e-05	0	0	0	455.329	-164.066	0.078968	454.716	-163.006	5.49536	0.866726	1.06396	-0.460161	0.301057	0.0175921	-0.478233	0.256918
0.882745	1.03117	0	0	0	0	2.4429e-05	0	0	0	455.369	-164.061	0.0789825	454.754	-163.043	5.50153	0.860565	1.03158	-0.43898	0.348542	0.0175892	-0.437692	0.297279
0.888439	1.0445	0	0	0	0	2.4708e-05	0	0	0	455.411	-164.057	0.0789973	454.791	-163.08	5.50924	0.852877	0.998837	-0.418589	0.39412	0.0173409	-0.39665	0.336096
0.894958	1.05762	0	0	0	0	4.1265e-05	0	0	0	455.453	-164.055	0.078925	454.83	-163.117	5.51848	0.843649	0.965844	-0.398949	0.437724	0.0174527	-0.355251	0.37325
0.902404	1.07054	0	0	0	0	2.412e-05	0	0	0	455.497	-164.053	0.0788316	454.869	-163.154	5.52927	0.832864	0.932709	-0.380032	0.479236	0.0176662	-0.313619	0.408626
0.910784	1.08326	0	0	0	0	4.0678e-05	0	0	0	455.541	-164.051	0.0787362	454.91	-163.191	5.54165	0.820504	0.899541	-0.361815	0.518534	0.0178802	-0.271878	0.442096
0.920156	1.09578	0	0	0.0687019	0.0687019	2.6527e-05	0	0	0	455.586	-164.049	0.0786389	454.951	-163.228	5.55561	0.806557	0.866449	-0.344274	0.555413	0.0174972	-0.230149	0.473446
0.930606	1.1081	0	0	0.157543	0.157543	2.4552e-05	0	0	0	455.633	-164.047	0.0785396	454.994	-163.265	5.57117	0.791016	0.833542	-0.327388	0.589551	0.0219121	-0.188556	0.502378
0.942255	1.12023	0	0	0.220115	0.220115	2.3561e-05	0	0	0	455.68	-164.045	0.0784384	455.037	-163.301	5.58831	0.773798	0.802431	-0.312687	0.62061	0.0172068	-0.147224	0.528579
0.955241	1.13218	0	0	0.253367	0.253367	2.2243e-05	0	0	0	455.728	-164.043	0.0783352	455.082	-163.337	5.60702	0.754993	0.772034	-0.299028	0.64825	0.0275013	-0.106292	0.551736
0.96959	1.14393	0	0	0.256396	0.256396	2.7537e-05	0	0	0	455.777	-164.041	0.0782301	455.128	-163.372	5.62725	0.734667	0.742118	-0.286045	0.672148	0.0183099	-0.0659086	0.571552
0.985307	1.1555	0	0	0.228721	0.228721	2.3797e-05	0	0	0	455.827	-164.039	0.078123	455.175	-163.406	5.64893	0.712898	0.712787	-0.273697	0.69202	0.0172823	-0.0262331	0.587762
1.00237	1.1669	0	0	0.170421	0.170421	7.2189e-05	0	0	0	455.877	-164.037	0.0780139	455.223	-163.44	5.67193	0.689793	0.684144	-0.26193	0.707621	0.0177218	0.0125658	0.600111
1.02071	1.17811	0	0	0.0821964	0.0821964	5.2983e-05	0	0	0	455.929	-164.035	0.0779029	455.272	-163.473	5.69613	0.665496	0.656299	-0.25068	0.718796	0.0174184	0.0503132	0.608486
1.04022	1.18915	0	0	0	0	6.1306e-05	0	0	0	455.982	-164.032	0.0778085	455.323	-163.505	5.72134	0.640181	0.629356	-0.239874	0.725549	0.0175626	0.0868303	0.612984
1.06076	1.20002	0	0	0	0	4.4322e-05	0	0	0	456.035	-164.029	0.0777294	455.375	-163.536	5.74736	0.614051	0.60341	-0.22944	0.727973	0.0173224	0.12194	0.613708
1.08221	1.21072	0	0	0	0	2.3674e-05	0	0	0	456.09	-164.025	0.0776489	455.428	-163.566	5.77398	0.587332	0.578549	-0.21931	0.726243	0.0177907	0.155473	0.610827
1.10421	1.22125	0	0	0	0	4.4631e-05	0	0	0	456.145	-164.022	0.0775671	455.483	-163.594	5.80095	0.560251	0.554845	-0.209425	0.720623	0.0175007	0.187279	0.604584
1.12656	1.23162	0	0	0	0	2.4855e-05	0	0	0	456.201	-164.018	0.077484	455.539	-163.622	5.82805	0.533041	0.532357	-0.199739	0.711449	0.0177212	0.217221	0.595289
1.14909	1.24182	0	0	0	0	3.7157e-05	0	0	0	456.258	-164.015	0.0773996	455.596	-163.648	5.85506	0.505938	0.510834	-0.189661	0.699123	0.0173221	0.245188	0.583306
1.17163	1.25187	0	0	0	0	2.3876e-05	0	0	0	456.316	-164.011	0.0773139	455.654	-163.672	5.88177	0.479141	0.490368	-0.179191	0.684065	0.0174678	0.271092	0.569006
1.19405	1.26176	0	0	0	0	2.9912e-05	0	0	0	456.375	-164.007	0.077227	455.713	-163.696	5.90803	0.452808	0.471231	-0.16883	0.666675	0.0176786	0.294871	0.55273
1.21623	1.27149	0	0	0	0	2.4312e-05	0	0	0	456.434	-164.003	0.0771388	455.773	-163.718	5.93367	0.427084	0.453406	-0.158595	0.647315	0.0175464	0.316493	0.534796
1.23807	1.28108	0	0	0	0	4.5538e-05	0	0	0	456.495	-163.999	0.0770225	455.834	-163.738	5.95858	0.402087	0.436865	-0.148512	0.626355	0.0174583	0.335947	0.51557
1.25953	1.29051	0	0	0	0	2.4114e-05	0	0	0	456.556	-163.993	0.0768587	455.896	-163.757	5.98267	0.377911	0.421567	-0.138611	0.604186	0.0179252	0.353246	0.495392
1.28057	1.29979	0	0	0	0	2.6058e-05	0	0	0	456.618	-163.988	0.0766926	455.959	-163.775	6.00587	0.354625	0.407467	-0.128925	0.58116	0.0174762	0.368418	0.474563
1.30112	1.30887	0	0	0	0	4.0269e-05	0	0	0	456.681	-163.982	0.0765244	456.023	-163.792	6.02814	0.332275	0.394514	-0.119487	0.557574	0.0176781	0.381517	0.453325
1.32118	1.3178	0	0	0	0	3.8918e-05	0	0	0	456.744	-163.977	0.0763541	456.088	-163.807	6.04944	0.310889	0.382649	-0.110331	0.533673	0.0173667	0.392608	0.431902
1.34077	1.3266	0	0	0	0	2.3546e-05	0	0	0	456.809	-163.971	0.0761816	456.153	-163.821	6.06976	0.29045	0.371661	-0.100966	0.509676	0.0186347	0.401773	0.41048
1.36005	1.33526	0	0	0	0	2.8599e-05	0	0	0	456.874	-163.965	0.0760071	456.219	-163.834	6.0891	0.270941	0.361414	-0.0910255	0.485464	0.0182956	0.409101	0.388968
1.37895	1.34379	0	0	0	0	2.4023e-05	0	0	0	456.94	-163.959	0.0758303	456.285	-163.846	6.10748	0.252397	0.352135	-0.0814137	0.461176	0.0183327	0.414688	0.367474
1.39749	1.35212	0	0	0	0	3.0161e-05	0	0	0	457.006	-163.954	0.0756454	456.352	-163.857	6.12489	0.234816	0.343767	-0.072145	0.437019	0.0182139	0.41862	0.346161
1.41559	1.36032	0	0	0	0	2.2988e-05	0	0	0	457.074	-163.948	0.0754519	456.42	-163.867	6.14135	0.218192	0.336259	-0.0632286	0.413152	0.0185663	0.420984	0.325166
1.43327	1.36839	0	0	0	0	2.91e-05	0	0	0	457.142	-163.942	0.0752563	456.488	-163.875	6.15686	0.202507	0.329568	-0.0546688	0.389713	0.0185532	0.421875	0.304613
1.45065	1.37633	0	0	0	0	2.4008e-05	0	0	0	457.211	-163.937	0.0750585	456.557	-163.883	6.17145	0.187742	0.323649	-0.046468	0.366822	0.018604	0.42139	0.2846
1.46775	1.38415	0	0	0	0	2.8296e-05	0	0	0	457.281	-163.931	0.0748586	456.626	-163.89	6.18514	0.173873	0.31846	-0.0386244	0.344599	0.0185249	0.419631	0.265236
1.48451	1.39184	0	0	0	0	2.299e-05	0	0	0	457.352	-163.925	0.0746565	456.696	-163.896	6.19797	0.160864	0.313986	-0.0313208	0.324217	0.0174931	0.416697	0.247521
1.50097	1.3995	0	0	0	0	2.8017e-05	0	0	0	457.423	-163.919	0.0744523	456.766	-163.901	6.20995	0.148685	0.310177	-0.0245594	0.305588	0.0175817	0.412691	0.231447
1.51711	1.40713	0	0	0	0	2.4271e-05	0	0	0	457.495	-163.913	0.074246	456.837	-163.905	6.22118	0.137264	0.306972	-0.0181586	0.288644	0.0177619	0.407776	0.216865
1.53305	1.41454	0	0	0	0	2.7301e-05	0	0	0	457.568	-163.909	0.0739619	456.908	-163.909	6.23171	0.126533	0.304351	-0.0121231	0.273247	0.0172476	0.402099	0.203622
1.54885	1.42171	0	0	0	0	2.3268e-05	0	0	0	457.642	-163.906	0.0736571	456.979	-163.912	6.24162	0.116425	0.302288	-0.00645737	0.259236	0.017504	0.395796	0.191563
1.56451	1.42873	0	0	0	0	2.9774e-05	0	0	0	457.716	-163.903	0.0733493	457.051	-163.914	6.25096	0.106881	0.300769	-0.00116458	0.246449	0.0172717	0.388988	0.180535
1.57994	1.43553	0	0	0	0	2.463e-05	0	0	0	457.791	-163.9	0.0730385	457.123	-163.916	6.25979	0.0978477	0.299774	0.00375384	0.23443	0.0174799	0.381779	0.170136
1.59528	1.44217	0	0	0	0	3.7043e-05	0	0	0	457.867	-163.896	0.0727248	457.196	-163.917	6.26815	0.0892795	0.299289	0.00829746	0.222666	0.0173851	0.374261	0.159867
1.61049	1.4487	0	0	0	0	2.3352e-05	0	0	0	457.943	-163.893	0.0724082	457.268	-163.917	6.27607	0.0810727	0.299463	0.010163	0.21106	0.0174993	0.366493	0.149434
1.6253	1.45512	0	0	0	0	2.7765e-05	0	0	0	458.02	-163.89	0.0720971	457.341	-163.917	0.000380873	0.0732762	0.300129	0.0110984	0.199365	0.0164892	0.358502	0.138946
1.63979	1.46134	0	0	0	0	2.4013e-05	0	0	0	458.097	-163.878	0.0720971	457.415	-163.917	0.00744465	0.0659046	0.301231	0.0116627	0.187662	0.0166653	0.350311	0.128475
1.65409	1.46745	0	0	0	0	2.8828e-05	0	0	0	458.175	-163.866	0.0720971	457.488	-163.916	0.0140749	0.0589636	0.302764	0.0118774	0.176057	0.0162871	0.341925	0.118115
1.66825	1.47346	0	0	0	0	3.851e-05	0	0	0	458.253	-163.855	0.0720971	457.562	-163.914	0.020269	0.0524557	0.304717	0.0117651	0.164566	0.0165155	0.333355	0.107888
1.68229	1.47936	0	0	0	0	2.7368e-05	0	0	0	458.332	-163.843	0.0720971	457.637	-163.912	0.0260285	0.0463797	0.307068	0.0113482	0.153129	0.0163486	0.324616	0.0977762
1.6962	1.48516	0	0	0	0	5.5122e-05	0	0	0	458.412	-163.831	0.0720971	457.711	-163.91	0.0313552	0.0407419	0.309791	0.0108586	0.14192	0.016286	0.315724	0.0880544
1.70996	1.49077	0	0	0	0	2.324e-05	0	0	0	458.492	-163.819	0.0720971	457.786	-163.907	0.0362489	0.0358482	0.312415	0.0180846	0.131188	0.0163802	0.306691	0.078933
1.72362	1.49629	0	0	0	0	2.2556e-05	0	0	0	458.573	-163.809	0.0718795	457.861	-163.904	0.0407164	0.0313807	0.315477	0.0251547	0.121158	0.0162369	0.297537	0.0704324
1.73719	1.50171	0	0	0	0	3.7775e-05	0	0	0	458.655	-163.802	0.0713866	457.936	-163.901	0.0447742	0.0273229	0.31896	0.0320895	0.111849	0.0164331	0.288296	0.06257
1.75067	1.50704	0	0	0	0	5.5702e-05	0	0	0	458.737	-163.795	0.0708902	458.012	-163.897	0.0484476	0.0236495	0.322854	0.0389061	0.103356	0.0164456	0.27901	0.0554276
1.76407	1.51219	0	0	0	0	4.0122e-05	0	0	0	458.82	-163.787	0.0703903	458.087	-163.893	0.0517633	0.0203338	0.327146	0.0456204	0.0957455	0.0191757	0.269724	0.04906
1.77739	1.51725	0	0	0	0	3.6177e-05	0	0	0	458.904	-163.78	0.0698872	458.163	-163.889	0.0547515	0.0173456	0.331824	0.0522453	0.0889593	0.0171616	0.260481	0.0434083
1.79064	1.52222	0	0	0	0	2.3041e-05	0	0	0	458.988	-163.773	0.0693807	458.24	-163.885	0.0574455	0.014434	0.337013	0.0565501	0.0829317	0.0161919	0.251329	0.0383974
1.80382	1.52711	0	0	0	0	2.3066e-05	0	0	0	459.073	-163.766	0.0689183	458.316	-163.88	0.0598765	0.0115101	0.342725	0.057948	0.077584	0.0166176	0.242308	0.0339575
1.81692	1.53182	0	0	0	0	0.000119876	0	0	0	459.158	-163.76	0.068559	458.393	-163.875	0.0620732	0.008817	0.348778	0.0592463	0.0728409	0.0175914	0.233454	0.0300223
1.82994	1.53645	0	0	0	0	2.4309e-05	0	0	0	459.244	-163.755	0.0681975	458.47	-163.871	0.0640615	0.00632882	0.355168	0.0604523	0.067794	0.0166981	0.224795	0.0258319
1.84288	1.54101	0	0	0	0	2.4168e-05	0	0	0	459.33	-163.749	0.0678338	458.547	-163.865	0.0658646	0.00402254	0.36189	0.061573	0.0617338	0.0171034	0.216353	0.020783
1.85573	1.54548	0	0	0	0	2.3616e-05	0	0	0	459.417	-163.743	0.067468	458.624	-163.86	0.0674691	0.00191156	0.368936	0.0626296	0.0549222	0.0163238	0.2081	0.0150715
1.86851	1.54988	0	0	0	0	2.3671e-05	0	0	0	459.505	-163.737	0.0671	458.702	-163.855	0.0688328	8.55525e-05	0.376307	0.063117	0.0475798	0.0196322	0.199968	0.00890875
1.88121	1.55411	0	0	0	0	2.4082e-05	0	0	0	459.593	-163.731	0.0667425	458.779	-163.849	0.0699238	-0.00136481	0.383997	0.0623994	0.0399057	0.0165417	0.19191	0.00250507
1.89382	1.55827	0	0	0	0	2.4734e-05	0	0	0	459.681	-163.723	0.0663948	458.857	-163.844	0.0707193	-0.00252182	0.39199	0.0617166	0.0321002	0.0165721	0.183892	-0.0039553
1.90636	1.56236	0	0	0	0	2.4154e-05	0	0	0	459.77	-163.716	0.0660453	458.935	-163.838	0.0712042	-0.0033704	0.400285	0.061105	0.0256124	0.0163841	0.175892	-0.00924847
1.91887	1.56629	0	0	0	0	3.9105e-05	0	0	0	459.859	-163.709	0.0656939	459.014	-163.833	0.0713716	-0.00390363	0.408878	0.0605993	0.0205587	0.0168261	0.167904	-0.0132148
1.93133	1.57015	0	0	0	0	3.8149e-05	0	0	0	459.948	-163.701	0.0653407	459.092	-163.827	0.0712739	-0.00417387	0.417767	0.0602067	0.0168255	0.0166327	0.159999	-0.015767
1.94373	1.57395	0	0	0	0	2.4338e-05	0	0	0	460.039	-163.694	0.0649858	459.171	-163.822	0.0709686	-0.00422617	0.426949	0.0606647	0.0144926	0.0166455	0.152252	-0.0169379
1.95603	1.57768	0	0	0	0	2.3721e-05	0	0	0	460.129	-163.692	0.0645712	459.25	-163.816	0.0705092	-0.00411435	0.436426	0.0619383	0.0135672	0.0167595	0.144729	-0.0169763
1.96831	1.58126	0	0	0	0	2.304e-05	0	0	0	460.221	-163.696	0.0640986	459.329	-163.81	0.0699526	-0.00390726	0.4462	0.063314	0.014013	0.0163707	0.137493	-0.015929
1.98058	1.58477	0	0	0	0	2.3171e-05	0	0	0	460.312	-163.7	0.0636237	459.408	-163.805	0.0693565	-0.00366258	0.456268	0.0647721	0.0158727	0.0174767	0.130608	-0.013785
1.99285	1.58823	0	0	0	0	5.3772e-05	0	0	0	460.404	-163.704	0.0631467	459.487	-163.799	0.0687776	-0.00343689	0.46663	0.0662866	0.01875	0.0169008	0.124131	-0.0109414
2.00511	1.59162	0	0	0	0	2.3253e-05	0	0	0	460.497	-163.708	0.0626675	459.567	-163.794	0.0682747	-0.00328895	0.477287	0.0678235	0.0222586	0.0168421	0.118117	-0.0080493
2.01732	1.59487	0	0	0	0	2.7676e-05	0	0	0	460.59	-163.712	0.0621862	459.647	-163.789	0.0678904	-0.00331916	0.48796	0.0635544	0.0257295	0.0164999	0.112596	-0.00526948
2.02952	1.59806	0	0	0	0	2.3077e-05	0	0	0	460.683	-163.707	0.0618845	459.727	-163.783	0.0676513	-0.00355273	0.498659	0.0536053	0.0289491	0.0171562	0.107577	-0.00271803
2.04169	1.6012	0	0	0	0	5.0044e-05	0	0	0	460.777	-163.701	0.0616074	459.807	-163.778	0.0675566	-0.00393286	0.509649	0.0435477	0.0316008	0.0164411	0.10303	-0.000663779
2.05381	1.60419	0	0	0	0	2.4801e-05	0	0	0	460.871	-163.695	0.0613292	459.887	-163.772	0.0675963	-0.00444958	0.520922	0.0333721	0.0334877	0.0164686	0.0989147	0.000661316
2.06591	1.60714	0	0	0	0	5.3534e-05	0	0	0	460.965	-163.689	0.0610498	459.967	-163.767	0.067747	-0.00507952	0.532467	0.0230784	0.0346355	0.016333	0.0951751	0.00124659
2.07795	1.61003	0	0	0	0	2.4183e-05	0	0	0	461.06	-163.683	0.0607693	460.048	-163.761	0.0679771	-0.00579097	0.544279	0.0126743	0.035074	0.0165975	0.091748	0.00111947
2.09007	1.61278	0	0	0	0	3.1699e-05	0	0	0	461.155	-163.675	0.0604229	460.128	-163.756	0.0682559	-0.00637135	0.556855	0.0109011	0.0348243	0.0163411	0.0885751	0.000364327
2.10224	1.61549	0	0	0	0	2.5333e-05	0	0	0	461.25	-163.665	0.0599651	460.209	-163.75	0.0685535	-0.00694607	0.569767	0.0103204	0.032796	0.0171339	0.0856028	-0.00192409
2.11426	1.61815	0	0	0	0	3.8809e-05	0	0	0	461.346	-163.655	0.0595056	460.29	-163.745	0.0688411	-0.0075119	0.582943	0.00971273	0.0287097	0.0165832	0.0827818	-0.00603483
2.1261	1.62067	0	0	0	0	4.788e-05	0	0	0	461.441	-163.645	0.0590444	460.371	-163.739	0.0690435	-0.00799369	0.596378	0.00912996	0.0228816	0.0168199	0.0800048	-0.011648
2.13786	1.62315	0	0	0	0	4.8665e-05	0	0	0	461.538	-163.634	0.0585816	460.452	-163.734	0.0690735	-0.00830421	0.610072	0.00864257	0.0157442	0.0170834	0.077155	-0.017868
2.14945	1.62559	0	0	0	0	2.5288e-05	0	0	0	461.634	-163.624	0.0581172	460.533	-163.728	0.0688568	-0.00843396	0.624002	0.00982883	0.00820921	0.0170957	0.0741399	-0.0244687
2.16095	1.62799	0	0	0	0	5.0726e-05	0	0	0	461.731	-163.615	0.0566942	460.614	-163.722	0.0683373	-0.0083722	0.638138	0.0138173	0.000925139	0.0167224	0.0708956	-0.0309394
2.17242	1.63031	0	0	0	0	2.5966e-05	0	0	0	461.829	-163.607	0.0552286	460.696	-163.717	0.067497	-0.00799145	0.652505	0.0181121	-0.00553648	0.0170273	0.0674131	-0.0368037
2.18389	1.63265	0	0	0	0	4.303e-05	0	0	0	461.926	-163.598	0.0537583	460.777	-163.711	0.0663458	-0.00730135	0.667092	0.0227466	-0.0114273	0.0165202	0.0637193	-0.0421751
2.19529	1.635	0	0	0	0	2.9031e-05	0	0	0	462.024	-163.59	0.0522835	460.859	-163.706	0.0649174	-0.00633575	0.681877	0.0277345	-0.0168049	0.0167281	0.0598717	-0.0463359
2.2067	1.63749	0	0	0	0	4.4803e-05	0	0	0	462.123	-163.581	0.0508041	460.941	-163.701	0.0632352	-0.00511803	0.696847	0.0330936	-0.0209072	0.0164367	0.0559107	-0.0492583
2.21813	1.63999	0	0	0	0	4.0683e-05	0	0	0	462.222	-163.581	0.0485758	461.023	-163.696	0.0613203	-0.00462613	0.712051	0.0369889	-0.0235553	0.0171421	0.0518709	-0.0511017
2.22955	1.64264	0	0	0	0	3.7582e-05	0	0	0	462.321	-163.583	0.0460887	461.105	-163.691	0.0592264	-0.00399784	0.727426	0.0411804	-0.0256176	0.0440578	0.0478277	-0.0525944
2.24098	1.6453	0	0	0	0	2.9976e-05	0	0	0	462.42	-163.585	0.0435947	461.187	-163.686	0.0570154	-0.00325705	0.742958	0.0457147	-0.0274874	0.0182275	0.043862	-0.0541392
2.25232	1.64798	0	0	0	0	4.0124e-05	0	0	0	462.52	-163.587	0.0410937	461.27	-163.682	0.0547118	-0.0024283	0.758633	0.0505877	-0.0293368	0.0445026	0.040002	-0.0558341
2.26367	1.65079	0	0	0	0	2.9819e-05	0	0	0	462.62	-163.589	0.0385881	461.352	-163.678	0.0523236	-0.00151946	0.774442	0.055806	-0.0312462	0.0320449	0.0362526	-0.0576524
2.27332	1.65362	0	0	0	0	2.8139e-05	0	0	0	462.72	-163.589	0.0357529	461.435	-163.673	0.0498514	-0.00127562	0.790245	0.0534281	-0.0331968	0.0166442	0.0326087	-0.0595993
2.2793	1.65647	0	0	0	0	2.3167e-05	0	0	0	462.82	-163.585	0.0323546	461.518	-163.67	0.0472908	-0.00120208	0.806121	0.0487067	-0.0351877	0.0459731	0.0290612	-0.0616789
2.28523	1.66027	0	0	0	0	2.8416e-05	0	0	0	462.92	-163.58	0.0289563	461.601	-163.666	0.0446397	-0.00104508	0.822114	0.0443432	-0.0373155	0.0173353	0.0256025	-0.0639842
2.2911	1.66402	0	0	0	0	2.2004e-05	0	0	0	463.02	-163.576	0.025558	461.684	-163.662	0.0418961	-0.000802433	0.838223	0.0403534	-0.0396351	0.0471782	0.0222252	-0.0664642
2.29692	1.66772	0	0	0	0	2.9917e-05	0	0	0	463.12	-163.572	0.0221597	461.768	-163.659	0.0390536	-0.000465577	0.854358	0.0367628	-0.0420669	0.0190197	0.0189174	-0.0683874
2.30267	1.67137	0	0	0	0	2.2689e-05	0	0	0	463.22	-163.568	0.0187541	461.851	-163.656	0.0361036	-0.000350619	0.870394	0.0358963	-0.0438494	0.0484876	0.0156645	-0.0698607
2.30836	1.67498	0	0	0	0	4.2396e-05	0	0	0	463.32	-163.568	0.014533	461.935	-163.653	0.0330376	-0.000683011	0.88627	0.0394017	-0.0453859	0.0163001	0.0124572	-0.0712236
2.31393	1.68014	0	0	0	0	2.2523e-05	0	0	0	463.42	-163.568	0.0103118	462.02	-163.651	0.0298839	-0.000927609	0.901873	0.0433488	-0.0472665	0.048793	0.00932905	-0.0729786
2.3194	1.68524	0	0	0	0	3.3426e-05	0	0	0	463.52	-163.568	0.00609067	462.104	-163.648	0.0266529	-0.0010949	0.917203	0.0477379	-0.0495029	0.0193913	0.00628933	-0.0751267
2.32479	1.69027	0	0	0	0	2.4006e-05	0	0	0	463.62	-163.568	0.00186951	462.189	-163.646	0.023329	-0.00116933	0.932261	0.0525941	-0.0519997	0.019217	0.00331401	-0.0773798
2.3301	1.69524	0	0	0	0	2.4961e-05	0	0	0	463.72	-163.568	-0.00235164	462.274	-163.645	0.0198811	-0.00112699	0.946673	0.0579241	-0.0544091	0.0234642	0.000379733	-0.079577
2.33519	1.70755	0	0	0	0	2.3621e-05	0	0	0	463.82	-163.568	6.27624	462.36	-163.643	0.0162963	-0.00176337	0.960461	0.0596878	-0.0566323	0.0193994	-0.00253024	-0.081706
2.34005	1.71971	0	0	0	0	2.4825e-05	0	0	0	463.92	-163.568	6.27151	462.447	-163.642	0.0125773	-0.00226552	0.973639	0.0620016	-0.0588822	0.0469325	-0.00541239	-0.0839363
2.34468	1.73171	0	0	0	0	2.8371e-05	0	0	0	464.02	-163.568	6.26677	462.534	-163.642	0.00873138	-0.00264072	0.986211	0.0648726	-0.0611737	0.0190288	-0.00825795	-0.0862396
2.3491	1.74357	0	0	0	0	2.2941e-05	0	0	0	464.12	-163.568	6.26204	462.622	-163.641	0.00475617	-0.00288666	0.998181	0.0683169	-0.0634425	0.0173542	-0.0110704	-0.088231
2.35332	1.75527	0	0	0	0	2.3903e-05	0	0	0	464.22	-163.568	6.25731	462.71	-163.641	0.000648687	-0.00300033	1.00955	0.0723514	-0.0652943	0.0347574	-0.0138539	-0.0895919
2.35734	1.76683	0	0	0	0	3.1475e-05	0	0	0	464.319	-163.571	6.25247	462.799	-163.641	6.27959	-0.00335858	1.02032	0.0769902	-0.066347	0.0197541	-0.0166088	-0.0903791
2.36116	1.77825	0	0	0	0	2.3974e-05	0	0	0	464.419	-163.577	6.24749	462.888	-163.642	6.27524	-0.00373516	1.0305	0.082226	-0.0666747	0.0496216	-0.0193136	-0.0906499
2.36477	1.78952	0	0	0	0	3.0369e-05	0	0	0	464.519	-163.584	6.24252	462.978	-163.643	6.27081	-0.00403544	1.04008	0.0880282	-0.0664793	0.0208351	-0.0219266	-0.0905638
2.36819	1.80065	0	0	0	0	2.7183e-05	0	0	0	464.619	-163.59	6.23754	463.069	-163.645	6.26634	-0.00429303	1.04908	0.0943644	-0.0659289	0.0464013	-0.0244126	-0.0901901
2.37141	1.81164	0	0	0	0	2.8197e-05	0	0	0	464.719	-163.596	6.23257	463.16	-163.647	6.26185	-0.00453377	1.05751	0.101207	-0.0650831	0.0190565	-0.0267496	-0.0894501
2.37444	1.8224	0	0	0	0	2.3148e-05	0	0	0	464.818	-163.603	6.22757	463.252	-163.649	6.25736	-0.0048898	1.06534	0.105572	-0.0638414	0.0203036	-0.0289262	-0.0884504
2.37729	1.83295	0	0	0	0	2.5437e-05	0	0	0	464.918	-163.611	6.22248	463.344	-163.652	6.25288	-0.00539088	1.07264	0.10706	-0.0624739	0.01959	-0.030935	-0.0874119
2.37995	1.8433	0	0	0	0	2.4266e-05	0	0	0	465.018	-163.619	6.21738	463.437	-163.655	6.24844	-0.00592792	1.07944	0.108986	-0.0615761	0.0497149	-0.0327631	-0.0868241
2.38245	1.85347	0	0	0	0	2.783e-05	0	0	0	465.117	-163.627	6.21229	463.53	-163.659	6.24405	-0.0065069	1.08575	0.111336	-0.0611141	0.0204636	-0.0344137	-0.0866573
2.38477	1.86357	0	0	0	0	2.3512e-05	0	0	0	465.217	-163.635	6.2072	463.623	-163.663	6.23967	-0.00710723	1.09155	0.114128	-0.0609779	0.0549388	-0.0359227	-0.0867161
2.38692	1.87359	0	0	0	0	2.9853e-05	0	0	0	465.217	-163.635	6.2072	463.623	-163.663	6.23967	-0.00710723	1.09155	0.114128	-0.0609779	0.020346	-0.0359227	-0.0867161
2.38692	1.87359	0	0	0	0	2.4036e-05	0	0	0	465.416	-163.652	6.19684	463.812	-163.672	6.23091	-0.00842877	1.1016	0.118945	-0.0609596	0.054855	-0.0386364	-0.0871232
2.39069	1.89341	0	0	0	0	3.1399e-05	0	0	0	465.416	-163.652	6.19684	463.812	-163.672	6.23091	-0.00842877	1.1016	0.118945	-0.0609596	0.020402	-0.0386364	-0.0871232
2.39069	1.89341	0	0	0	0	2.3535e-05	0	0	0	465.616	-163.668	6.18616	464.002	-163.683	6.22205	-0.00976148	1.10966	0.124222	-0.0617634	0.0441962	-0.0410489	-0.0883599
2.39374	1.91294	0	0	0	0	2.6408e-05	0	0	0	465.715	-163.676	6.18082	464.098	-163.69	6.2176	-0.0103947	1.11295	0.127591	-0.0624491	0.0186132	-0.042155	-0.0891039
2.39502	1.92259	0	0	0	0	2.3509e-05	0	0	0	465.815	-163.684	6.17549	464.195	-163.697	6.21307	-0.0109655	1.11575	0.131497	-0.0629399	0.018038	-0.0432444	-0.0894396
2.39613	1.93217	0	0	0	0	2.289e-05	0	0	0	465.915	-163.694	6.17018	464.291	-163.704	6.20849	-0.0116578	1.11805	0.135937	-0.0629808	0.0227584	-0.0443113	-0.0894643
2.39708	1.94168	0	0	0	0	2.7512e-05	0	0	0	466.014	-163.707	6.16496	464.389	-163.712	6.20387	-0.0123692	1.11985	0.140903	-0.0632231	0.0276082	-0.0453462	-0.0897075
2.39788	1.95112	0	0	0	0	2.8201e-05	0	0	0	466.113	-163.72	6.15973	464.486	-163.72	6.19922	-0.0130563	1.12116	0.146369	-0.0636852	0.0264257	-0.0463259	-0.090192
2.39851	1.96049	0	0	0	0	3.0605e-05	0	0	0	466.212	-163.732	6.15451	464.584	-163.728	6.19453	-0.0137094	1.12197	0.152349	-0.0642795	0.0329181	-0.0472646	-0.0907978
2.39898	1.96978	0	0	0	0	3.1558e-05	0	0	0	466.311	-163.745	6.14929	464.683	-163.738	6.1898	-0.0143164	1.12228	0.158857	-0.0648766	0.0442142	-0.0481769	-0.0913153
2.3993	1.97901	0	0	0	0	2.762e-05	0	0	0	466.41	-163.759	6.14408	464.782	-163.747	6.18502	-0.0148391	1.12208	0.164595	-0.0652686	0.0182854	-0.0490715	-0.0917328
2.39946	1.98817	0	0	0	0	2.1037e-05	0	0	0	466.509	-163.774	6.13897	464.881	-163.758	6.18018	-0.0152244	1.12137	0.167334	-0.0654533	0.047857	-0.0499496	-0.0920418
2.39943	1.99726	0	0	0	0	2.7003e-05	0	0	0	466.608	-163.789	6.13387	464.981	-163.769	6.1753	-0.0155678	1.1202	0.170605	-0.0654228	0.0191784	-0.0508006	-0.0921998
2.39923	2.00628	0	0	0	0	2.3501e-05	0	0	0	466.707	-163.805	6.12876	465.081	-163.78	6.17039	-0.0158793	1.11857	0.174397	-0.0652077	0.0204121	-0.0516147	-0.0921441
2.39886	2.01532	0	0	0	0	2.622e-05	0	0	0	466.806	-163.82	6.12366	465.182	-163.792	6.16546	-0.0161706	1.11646	0.178696	-0.0647645	0.025191	-0.0523818	-0.0915125
2.39833	2.02444	0	0	0	0	2.8395e-05	0	0	0	466.904	-163.836	6.11855	465.283	-163.804	6.16052	-0.016435	1.11388	0.183181	-0.0637138	0.0247839	-0.0530943	-0.0904133
2.39763	2.03362	0	0	0	0	2.6009e-05	0	0	0	467.002	-163.855	6.11348	465.384	-163.817	6.15557	-0.0165989	1.11078	0.186066	-0.0626342	0.0289254	-0.0537427	-0.089314
2.39679	2.04287	0	0	0	0	3.9949e-05	0	0	0	467.1	-163.875	6.1084	465.486	-163.831	6.15067	-0.0167972	1.10722	0.189389	-0.0614211	0.0478703	-0.0542966	-0.0880877
2.39579	2.05219	0	0	0	0	2.8065e-05	0	0	0	467.199	-163.895	6.10333	465.587	-163.845	6.14581	-0.0170484	1.10355	0.193121	-0.0600804	0.0194638	-0.0547598	-0.0867514
2.39474	2.05449	0	0	0	0	5.5136e-05	0	0	0	467.297	-163.915	6.09825	465.689	-163.859	6.14102	-0.0173584	1.09977	0.197249	-0.0586048	0.0479022	-0.0551299	-0.0854416
2.39364	2.05679	0	0	0	0	2.588e-05	0	0	0	467.395	-163.935	6.09319	465.791	-163.874	6.13629	-0.017735	1.09586	0.201481	-0.057145	0.0194144	-0.0554049	-0.0841096
2.3925	2.05912	0	0	0	0	2.6827e-05	0	0	0	467.493	-163.955	6.08845	465.893	-163.89	6.13164	-0.0181573	1.09171	0.201727	-0.0556434	0.0182991	-0.0555827	-0.0826906
2.39131	2.06146	0	0	0	0	2.2541e-05	0	0	0	467.591	-163.975	6.08372	465.995	-163.906	6.12705	-0.018653	1.08749	0.202332	-0.0539247	0.0411813	-0.0556695	-0.0809967
2.39006	2.06383	0	0	0	0	3.3277e-05	0	0	0	467.689	-163.995	6.07899	466.097	-163.923	6.12253	-0.0192091	1.08282	0.203304	-0.0518392	0.0201258	-0.055668	-0.0789189
2.38865	2.0733	0	0	0	0	2.3453e-05	0	0	0	467.787	-164.014	6.07426	466.2	-163.94	6.11809	-0.0198385	1.0777	0.204619	-0.0493622	0.0523937	-0.0555712	-0.0766485
2.38706	2.08285	0	0	0	0	2.9913e-05	0	0	0	467.787	-164.014	6.07426	466.2	-163.94	6.11809	-0.0198385	1.0777	0.204619	-0.0493622	0.0205737	-0.0555712	-0.0766485
2.38706	2.08285	0	0	0	0	2.1499e-05	0	0	0	467.982	-164.058	6.06578	466.405	-163.975	6.10954	-0.0210885	1.06718	0.208097	-0.0443983	0.0182181	-0.0550304	-0.0720106
2.38383	2.08792	0	0	0	0	2.2421e-05	0	0	0	468.079	-164.082	6.06202	466.508	-163.994	6.10533	-0.0216078	1.06175	0.210369	-0.0416815	0.0236328	-0.0547155	-0.0694649
2.3822	2.09047	0	0	0	0	2.3417e-05	0	0	0	468.176	-164.105	6.05827	466.611	-164.013	6.10138	-0.0223927	1.05624	0.212732	-0.0397726	0.0543896	-0.0541423	-0.0675336
2.38051	2.09305	0	0	0	0	3.3033e-05	0	0	0	468.176	-164.105	6.05827	466.611	-164.013	6.10138	-0.0223927	1.05624	0.212732	-0.0397726	0.020585	-0.0541423	-0.0675336
2.38051	2.09305	0	0	0	0	2.1929e-05	0	0	0	468.37	-164.153	6.05076	466.817	-164.052	6.09388	-0.024341	1.04491	0.218067	-0.0366499	0.0181987	-0.0526902	-0.0648342
2.37697	2.09827	0	0	0	0	2.2427e-05	0	0	0	468.468	-164.176	6.04755	466.92	-164.072	6.09017	-0.0243882	1.03894	0.217351	-0.0350578	0.0228891	-0.0519726	-0.063474
2.37517	2.10091	0	0	0	0	2.7856e-05	0	0	0	468.565	-164.199	6.04444	467.024	-164.093	6.08663	-0.0246028	1.0329	0.216792	-0.0340945	0.0554066	-0.0511213	-0.0625744
2.37331	2.10356	0	0	0	0	2.9773e-05	0	0	0	468.565	-164.199	6.04444	467.024	-164.093	6.08663	-0.0246028	1.0329	0.216792	-0.0340945	0.0208181	-0.0511213	-0.0625744
2.37331	2.10356	0	0	0	0	2.312e-05	0	0	0	468.759	-164.246	6.03822	467.23	-164.135	6.07976	-0.0252466	1.0205	0.216422	-0.0324975	0.0334167	-0.0493325	-0.0609335
2.36947	2.10894	0	0	0	0	2.4377e-05	0	0	0	468.857	-164.269	6.03511	467.333	-164.156	6.07635	-0.0255885	1.01412	0.216696	-0.0313568	0.0182789	-0.048486	-0.059843
2.36748	2.11165	0	0	0	0	4.0307e-05	0	0	0	468.953	-164.294	6.03232	467.437	-164.179	6.07302	-0.0254622	1.00764	0.21753	-0.0302962	0.0551739	-0.0475977	-0.0588297
2.36547	2.11439	0	0	0	0	3.1272e-05	0	0	0	468.953	-164.294	6.03232	467.437	-164.179	6.07302	-0.0254622	1.00764	0.21753	-0.0302962	0.0202435	-0.0475977	-0.0588297
2.36547	2.11439	0	0	0	0	2.2923e-05	0	0	0	469.146	-164.347	6.02712	467.644	-164.224	6.06653	-0.0251945	0.994321	0.220048	-0.0277619	0.0358789	-0.0457844	-0.0564204
2.36124	2.11993	0	0	0	0	2.6555e-05	0	0	0	469.243	-164.374	6.02452	467.747	-164.247	6.06331	-0.025083	0.987459	0.221736	-0.0258092	0.0186207	-0.0449239	-0.0545859
2.35902	2.12273	0	0	0	0	2.3442e-05	0	0	0	469.339	-164.401	6.02192	467.851	-164.27	6.06022	-0.0251077	0.980485	0.223575	-0.0239193	0.0515598	-0.0439705	-0.0527278
2.35672	2.12555	0	0	0	0	3.3809e-05	0	0	0	469.339	-164.401	6.02192	467.851	-164.27	6.06022	-0.0251077	0.980485	0.223575	-0.0239193	0.0198301	-0.0439705	-0.0527278
2.35672	2.12555	0	0	0	0	2.2858e-05	0	0	0	469.532	-164.454	6.01683	468.058	-164.318	6.05436	-0.0246423	0.966049	0.222357	-0.0199688	0.0182789	-0.0419036	-0.0486419
2.35198	2.13125	0	0	0	0	2.1704e-05	0	0	0	469.628	-164.481	6.0143	468.162	-164.343	6.05148	-0.0243573	0.958629	0.221457	-0.0173763	0.0228321	-0.0409045	-0.0459601
2.34957	2.13414	0	0	0	0	2.7771e-05	0	0	0	469.724	-164.508	6.01177	468.266	-164.368	6.04881	-0.0242888	0.951124	0.220595	-0.0150086	0.0480617	-0.0397414	-0.0434889
2.34711	2.13704	0	0	0	0	3.0323e-05	0	0	0	469.821	-164.534	6.00924	468.37	-164.393	6.04628	-0.0243608	0.943515	0.219832	-0.0125873	0.0193225	-0.0384989	-0.0413293
2.34461	2.13997	0	0	0	0	4.0286e-05	0	0	0	469.917	-164.561	6.00694	468.474	-164.418	6.04389	-0.0245211	0.935791	0.218998	-0.0104412	0.0479577	-0.0371939	-0.0393058
2.34209	2.14292	0	0	0	0	2.8946e-05	0	0	0	470.013	-164.588	6.00548	468.578	-164.444	6.04162	-0.0247859	0.927954	0.218134	-0.00846829	0.0193808	-0.0358268	-0.0373183
2.33955	2.14589	0	0	0	0	4.1112e-05	0	0	0	470.11	-164.615	6.00402	468.683	-164.47	6.03947	-0.0251675	0.92	0.217359	-0.00637268	0.0480824	-0.0344165	-0.035091
2.33692	2.14889	0	0	0	0	3.7818e-05	0	0	0	470.206	-164.642	6.00256	468.787	-164.496	6.03743	-0.0256562	0.911926	0.216672	-0.00393633	0.0195115	-0.032975	-0.0324641
2.33423	2.1519	0	0	0	0	2.378e-05	0	0	0	470.302	-164.669	6.0011	468.892	-164.522	6.0355	-0.0262603	0.903732	0.216056	-0.0011186	0.0194041	-0.0314971	-0.0298018
2.33147	2.15494	0	0	0	0	2.4401e-05	0	0	0	470.399	-164.695	5.99964	468.996	-164.549	6.03371	-0.0267664	0.895419	0.215483	0.00167822	0.0286323	-0.0299659	-0.0271562
2.32865	2.158	0	0	0	0	2.8945e-05	0	0	0	470.494	-164.724	5.99916	469.101	-164.576	6.03207	-0.0265912	0.88699	0.214918	0.0043181	0.0467072	-0.0283633	-0.0245626
2.32581	2.16109	0	0	0	0	3.0257e-05	0	0	0	470.59	-164.753	5.99887	469.206	-164.603	6.03059	-0.0265708	0.878443	0.214352	0.00686779	0.0185291	-0.0266943	-0.0219518
2.32292	2.1642	0	0	0	0	2.3497e-05	0	0	0	470.686	-164.782	5.99858	469.31	-164.63	6.02926	-0.0266975	0.869775	0.213776	0.00944564	0.0193784	-0.0249714	-0.0192559
2.31995	2.16733	0	0	0	0	2.5586e-05	0	0	0	470.781	-164.812	5.99829	469.415	-164.658	6.02806	-0.0269661	0.860982	0.213185	0.0120995	0.0246269	-0.0232025	-0.0167161
2.3169	2.17048	0	0	0	0	2.4624e-05	0	0	0	470.877	-164.841	5.99801	469.521	-164.685	6.02702	-0.0273786	0.852063	0.212564	0.0145757	0.0466765	-0.0213888	-0.0145375
2.31377	2.17366	0	0	0	0	3.1576e-05	0	0	0	470.973	-164.869	5.99815	469.626	-164.713	6.02612	-0.0269579	0.842998	0.209855	0.0165862	0.0185194	-0.0195283	-0.012701
2.31062	2.17619	0	0	0	0	2.3276e-05	0	0	0	471.069	-164.897	5.99871	469.731	-164.741	6.02536	-0.0264857	0.833826	0.206699	0.0181438	0.0193029	-0.0176336	-0.0111928
2.30746	2.1788	0	0	0	0	2.3963e-05	0	0	0	471.165	-164.926	5.99927	469.837	-164.768	6.02471	-0.0261257	0.824548	0.203505	0.0194251	0.0269292	-0.0157325	-0.00987075
2.30425	2.18149	0	0	0	0	2.3999e-05	0	0	0	471.261	-164.954	5.99983	469.942	-164.796	6.02415	-0.0258538	0.815153	0.20029	0.0205553	0.0467591	-0.0138505	-0.00870136
2.30101	2.18426	0	0	0	0	3.5264e-05	0	0	0	471.357	-164.982	6.00039	470.048	-164.824	6.02366	-0.0256546	0.805634	0.197059	0.0215528	0.018455	-0.0120019	-0.007703
2.29773	2.18711	0	0	0	0	3.8821e-05	0	0	0	471.453	-165.01	6.00105	470.154	-164.853	6.02324	-0.0250871	0.796	0.194367	0.0224609	0.0536607	-0.0101931	-0.00675167
2.2944	2.19006	0	0	0	0	2.8618e-05	0	0	0	471.453	-165.01	6.00105	470.154	-164.853	6.02324	-0.0250871	0.796	0.194367	0.0224609	0.0200036	-0.0101931	-0.00675167
2.2944	2.19006	0	0	0	0	2.3654e-05	0	0	0	471.645	-165.066	6.0027	470.366	-164.909	6.02255	-0.023281	0.776342	0.190015	0.0252261	0.0393135	-0.00671335	-0.00392867
2.28744	2.19622	0	0	0	0	2.95e-05	0	0	0	471.741	-165.094	6.00352	470.472	-164.937	6.02224	-0.0224042	0.76628	0.187861	0.0273955	0.02088	-0.00509256	-0.00181599
2.28383	2.19945	0	0	0	0	2.5656e-05	0	0	0	471.837	-165.122	6.00434	470.578	-164.966	6.02208	-0.0216843	0.756083	0.185599	0.029457	0.0467061	-0.00340819	0.000201734
2.28014	2.20278	0	0	0	0	3.5452e-05	0	0	0	471.933	-165.151	6.00522	470.685	-164.994	6.02204	-0.0209904	0.745749	0.183245	0.0314883	0.0184619	-0.00169688	0.00225033
2.27638	2.20599	0	0	0	0	5.5523e-05	0	0	0	472.028	-165.179	6.00629	470.792	-165.023	6.02213	-0.0202519	0.735282	0.180794	0.0333931	0.0408912	3.38954e-05	0.00424741
2.27262	2.20906	0	0	0	0	2.3049e-05	0	0	0	472.124	-165.208	6.00735	470.899	-165.051	6.02233	-0.0196305	0.724716	0.178238	0.0352789	0.0174786	0.00178136	0.00627679
2.26881	2.21146	0	0	0	0	2.3997e-05	0	0	0	472.22	-165.236	6.00841	471.005	-165.08	6.02264	-0.0191184	0.714054	0.175574	0.0371876	0.0210503	0.00353757	0.00823438
2.26497	2.21376	0	0	0	0	2.7408e-05	0	0	0	472.316	-165.265	6.00948	471.113	-165.108	6.02306	-0.0187154	0.7033	0.172793	0.0390014	0.0536965	0.00530098	0.00977958
2.26109	2.21594	0	0	0	0	3.0663e-05	0	0	0	472.316	-165.265	6.00948	471.113	-165.108	6.02306	-0.0187154	0.7033	0.172793	0.0390014	0.0198174	0.00530098	0.00977958
2.26109	2.21594	0	0	0	0	2.2187e-05	0	0	0	472.509	-165.319	6.01228	471.327	-165.165	6.02422	-0.017935	0.681513	0.166248	0.0416045	0.0431943	0.00884629	0.0121851
2.25321	2.22002	0	0	0	0	2.7351e-05	0	0	0	472.605	-165.344	6.01391	471.434	-165.194	6.02486	-0.0175076	0.670474	0.162672	0.0435046	0.0175783	0.0105216	0.013983
2.24919	2.22192	0	0	0	0	2.3141e-05	0	0	0	472.702	-165.37	6.01553	471.542	-165.222	6.02564	-0.0172306	0.659363	0.158923	0.0454498	0.018451	0.0122484	0.0159171
2.24512	2.22373	0	0	0	0	2.4122e-05	0	0	0	472.798	-165.396	6.01716	471.65	-165.25	6.02654	-0.0170642	0.648177	0.155021	0.0476143	0.0199966	0.0139849	0.0179958
2.24102	2.22546	0	0	0	0	2.5446e-05	0	0	0	472.895	-165.421	6.0188	471.757	-165.278	6.02755	-0.0168991	0.636932	0.151552	0.0498689	0.0237486	0.0157329	0.0202191
2.23687	2.22711	0	0	0	0	2.8012e-05	0	0	0	472.991	-165.448	6.02075	471.865	-165.306	6.02869	-0.0164079	0.625694	0.150306	0.0521366	0.0238751	0.0175041	0.0225239
2.23273	2.22816	0	0	0	0	2.7507e-05	0	0	0	473.088	-165.475	6.02272	471.973	-165.334	6.02996	-0.0160478	0.614424	0.148864	0.0543448	0.0211655	0.0193021	0.0248531
2.22858	2.22916	0	0	0	0	2.5667e-05	0	0	0	473.184	-165.502	6.02468	472.081	-165.362	6.03136	-0.0158207	0.603123	0.147214	0.0566106	0.0223986	0.0211263	0.027267
2.22442	2.23011	0	0	0	0	3.0275e-05	0	0	0	473.28	-165.529	6.02664	472.189	-165.39	6.03288	-0.0157216	0.591792	0.14535	0.0589297	0.0466938	0.0229718	0.0293907
2.22024	2.23102	0	0	0	0	2.893e-05	0	0	0	473.377	-165.555	6.0286	472.297	-165.417	6.03454	-0.0157495	0.580431	0.143241	0.0608974	0.0186969	0.0248406	0.0310833
2.21605	2.23189	0	0	0	0	4.2004e-05	0	0	0	473.474	-165.58	6.03105	472.406	-165.445	6.03634	-0.0155862	0.569022	0.139742	0.0623014	0.0500869	0.0267344	0.0323993
2.21186	2.23272	0	0	0	0	2.9868e-05	0	0	0	473.474	-165.58	6.03105	472.406	-165.445	6.03634	-0.0155862	0.569022	0.139742	0.0623014	0.0194959	0.0267344	0.0323993
2.21186	2.23272	0	0	0	0	5.406e-05	0	0	0	473.668	-165.625	6.03652	472.622	-165.499	6.04025	-0.0155699	0.546093	0.13205	0.0653858	0.0466027	0.0305029	0.035538
2.20338	2.23427	0	0	0	0	2.9572e-05	0	0	0	473.766	-165.648	6.03926	472.731	-165.525	6.04224	-0.0156038	0.53456	0.127915	0.0677219	0.0185126	0.0322694	0.0377929
2.19912	2.23498	0	0	0	0	5.434e-05	0	0	0	473.863	-165.671	6.042	472.839	-165.552	6.04441	-0.0158179	0.523	0.123489	0.0698829	0.0193842	0.0341092	0.0398019
2.19485	2.23567	0	0	0	0	2.397e-05	0	0	0	473.96	-165.695	6.04492	472.948	-165.578	6.04672	-0.0156749	0.511471	0.121336	0.0718615	0.0464156	0.0359766	0.0417146
2.19057	2.2358	0	0	0	0	3.6752e-05	0	0	0	474.057	-165.719	6.04825	473.057	-165.604	6.04916	-0.0153744	0.499968	0.120367	0.0735987	0.0171302	0.0378603	0.0434753
2.1863	2.23593	0	0	0	0	5.1548e-05	0	0	0	474.154	-165.743	6.05159	473.166	-165.629	6.05171	-0.0151894	0.488471	0.119113	0.0749509	0.046893	0.0397493	0.0449594
2.18207	2.23604	0	0	0	0	2.9749e-05	0	0	0	474.252	-165.767	6.05493	473.275	-165.655	6.05437	-0.0151053	0.476978	0.117574	0.0760598	0.0183175	0.0416298	0.0462469
2.17783	2.23616	0	0	0	0	2.2274e-05	0	0	0	474.349	-165.791	6.05826	473.384	-165.68	6.0571	-0.0151008	0.465482	0.115754	0.0769775	0.0468564	0.043481	0.0471098
2.1736	2.23626	0	0	0	0	4.5096e-05	0	0	0	474.446	-165.815	6.0616	473.493	-165.705	6.05989	-0.0149751	0.453977	0.113272	0.0774587	0.0183891	0.0452909	0.0475972
2.16937	2.23637	0	0	0	0	2.3443e-05	0	0	0	474.543	-165.836	6.06529	473.602	-165.729	6.06274	-0.0144896	0.442448	0.109657	0.077497	0.0193089	0.0470513	0.047792
2.16517	2.23647	0	0	0	0	2.4921e-05	0	0	0	474.641	-165.857	6.06907	473.711	-165.753	6.06562	-0.0140333	0.4309	0.105775	0.0780771	0.0212906	0.0487406	0.0485067
2.16088	2.23656	0	0	0	0	2.5957e-05	0	0	0	474.739	-165.877	6.07286	473.82	-165.777	6.0685	-0.0135782	0.419329	0.101638	0.0792702	0.0215754	0.0503381	0.0498052
2.15656	2.23665	0	0	0	0	2.6641e-05	0	0	0	474.837	-165.897	6.07665	473.93	-165.8	6.07142	-0.0131579	0.407736	0.097228	0.0809266	0.0224833	0.0518792	0.0515034
2.15223	2.23673	0	0	0	0	2.7302e-05	0	0	0	474.935	-165.917	6.08043	474.039	-165.824	6.0744	-0.0128061	0.396149	0.0925257	0.082853	0.0304697	0.0534009	0.0533749
2.14789	2.23629	0	0	0	0	3.167e-05	0	0	0	475.033	-165.938	6.08434	474.148	-165.846	6.07748	-0.0121935	0.384623	0.0906282	0.0848207	0.0231248	0.0549301	0.0552778
2.14351	2.23587	0	0	0	0	2.7231e-05	0	0	0	475.13	-165.961	6.08848	474.258	-165.869	6.08067	-0.011599	0.373137	0.0892251	0.0871842	0.0480106	0.0564814	0.0574863
2.13912	2.23546	0	0	0	0	2.6516e-05	0	0	0	475.228	-165.984	6.09263	474.367	-165.891	6.08398	-0.0111182	0.361675	0.0874854	0.0904439	0.017343	0.0580558	0.0603952
2.13463	2.23508	0	0	0	0	2.334e-05	0	0	0	475.325	-166.006	6.09678	474.477	-165.913	6.08742	-0.010775	0.350235	0.0853898	0.0942496	0.0193235	0.059674	0.0636843
2.13008	2.23471	0	0	0	0	2.5462e-05	0	0	0	475.422	-166.029	6.10093	474.587	-165.934	6.09105	-0.0106212	0.338817	0.0829039	0.0981905	0.0172661	0.0613835	0.0668917
2.12547	2.23436	0	0	0	0	2.2788e-05	0	0	0	475.52	-166.051	6.10507	474.696	-165.955	6.09491	-0.010572	0.3274	0.0792484	0.101829	0.0238284	0.0632094	0.0698497
2.12082	2.23402	0	0	0	0	2.7444e-05	0	0	0	475.619	-166.068	6.10925	474.806	-165.976	6.09899	-0.0105081	0.315941	0.0735725	0.105018	0.0354916	0.0651528	0.0724382
2.11621	2.23371	0	0	0	0	3.7913e-05	0	0	0	475.717	-166.084	6.11342	474.916	-165.995	6.10329	-0.0106554	0.30447	0.0674476	0.107195	0.0172553	0.0671903	0.0741709
2.11172	2.2334	0	0	0	0	2.3195e-05	0	0	0	475.816	-166.1	6.11759	475.026	-166.015	6.10777	-0.0109872	0.293004	0.0608683	0.108474	0.0184543	0.0692918	0.0750988
2.10731	2.23259	0	0	0	0	2.4299e-05	0	0	0	475.915	-166.116	6.12176	475.136	-166.034	6.11237	-0.011445	0.28153	0.0538437	0.108975	0.0536421	0.0713976	0.0752304
2.10297	2.23181	0	0	0	0	3.1897e-05	0	0	0	475.915	-166.116	6.12176	475.136	-166.034	6.11237	-0.011445	0.28153	0.0538437	0.108975	0.0197605	0.0713976	0.0752304
2.10297	2.23181	0	0	0	0	2.327e-05	0	0	0	476.112	-166.145	6.13018	475.356	-166.07	6.12176	-0.012511	0.258715	0.0445164	0.107706	0.0179327	0.0754306	0.0734635
2.09451	2.23036	0	0	0	0	2.5088e-05	0	0	0	476.212	-166.154	6.13453	475.466	-166.088	6.12646	-0.0130428	0.247437	0.0428043	0.10606	0.0259565	0.0772941	0.0718651
2.09036	2.22968	0	0	0	0	3.128e-05	0	0	0	476.312	-166.162	6.13889	475.576	-166.105	6.13109	-0.0134996	0.236176	0.0407011	0.104036	0.0326796	0.0789837	0.0700376
2.08628	2.22904	0	0	0	0	3.2813e-05	0	0	0	476.411	-166.17	6.14324	475.686	-166.121	6.13562	-0.0138586	0.224927	0.0382198	0.101787	0.0265279	0.0804879	0.0681067
2.08225	2.22842	0	0	0	0	2.8286e-05	0	0	0	476.511	-166.178	6.14759	475.797	-166.137	6.14004	-0.0140986	0.213684	0.0353751	0.0994872	0.0467024	0.0817961	0.0662341
2.07828	2.22783	0	0	0	0	2.8964e-05	0	0	0	476.611	-166.187	6.15195	475.907	-166.152	6.14432	-0.0141344	0.202392	0.0353308	0.0972888	0.0185568	0.0829067	0.0644536
2.07435	2.22727	0	0	0	0	2.4728e-05	0	0	0	476.71	-166.199	6.15628	476.017	-166.167	6.14846	-0.0139264	0.19109	0.0396943	0.0955837	0.0539795	0.0838278	0.0630852
2.0704	2.22621	0	0	0	0	2.9615e-05	0	0	0	476.71	-166.199	6.15628	476.017	-166.167	6.14846	-0.0139264	0.19109	0.0396943	0.0955837	0.0246033	0.0838278	0.0630852
2.0704	2.22621	0	0	0	0	2.3606e-05	0	0	0	476.908	-166.223	6.16496	476.238	-166.196	6.15639	-0.0131506	0.168733	0.0474348	0.0947125	0.0172963	0.0851872	0.0624588
2.06237	2.22424	0	0	0	0	2.2356e-05	0	0	0	477.008	-166.235	6.16929	476.348	-166.209	6.1603	-0.0127104	0.15767	0.050794	0.0948616	0.0243598	0.0857648	0.0627147
2.05833	2.22332	0	0	0	0	2.691e-05	0	0	0	477.107	-166.247	6.17363	476.459	-166.223	6.16416	-0.0122187	0.146679	0.0537219	0.0954633	0.0475094	0.0862619	0.0633861
2.05426	2.22244	0	0	0	0	2.9299e-05	0	0	0	477.206	-166.26	6.17782	476.569	-166.235	6.16803	-0.0117506	0.135803	0.0524979	0.0963286	0.0239464	0.0867397	0.0642382
2.0502	2.22161	0	0	0	0	2.4511e-05	0	0	0	477.305	-166.273	6.18189	476.679	-166.248	6.17193	-0.011315	0.124961	0.0509214	0.0972677	0.02482	0.0872243	0.0650824
2.04616	2.22081	0	0	0	0	2.5427e-05	0	0	0	477.404	-166.286	6.18595	476.79	-166.26	6.17588	-0.0109285	0.114148	0.0489861	0.0980001	0.0199644	0.0877301	0.065644
2.04213	2.22005	0	0	0	0	2.7128e-05	0	0	0	477.504	-166.299	6.19002	476.9	-166.271	6.17989	-0.0105956	0.103361	0.0466871	0.0983738	0.0467137	0.08826	0.0657903
2.03811	2.21932	0	0	0	0	2.8813e-05	0	0	0	477.603	-166.312	6.19408	477.01	-166.282	6.18393	-0.0103027	0.0926185	0.0440229	0.0982932	0.0186082	0.0888011	0.0654926
2.03411	2.2181	0	0	0	0	2.3508e-05	0	0	0	477.702	-166.322	6.19817	477.121	-166.293	6.18799	-0.0101757	0.081901	0.0405518	0.0977502	0.050981	0.0893329	0.0647951
2.03014	2.21694	0	0	0	0	2.8984e-05	0	0	0	477.702	-166.322	6.19817	477.121	-166.293	6.18799	-0.0101757	0.081901	0.0405518	0.0977502	0.0231532	0.0893329	0.0647951
2.03014	2.21694	0	0	0	0	2.2803e-05	0	0	0	477.902	-166.335	6.20642	477.341	-166.312	6.19607	-0.0101228	0.0605142	0.031784	0.0966672	0.0482363	0.0902707	0.0632634
2.02226	2.21477	0	0	0	0	2.9847e-05	0	0	0	478.002	-166.342	6.21055	477.452	-166.321	6.2001	-0.0100783	0.0498442	0.0268633	0.0956248	0.0199634	0.0906862	0.0620794
2.01837	2.21376	0	0	0	0	2.4159e-05	0	0	0	478.101	-166.349	6.21467	477.562	-166.33	6.20405	-0.00996845	0.0391815	0.0215937	0.0944238	0.0175188	0.0910185	0.0608536
2.01451	2.2128	0	0	0	0	2.2797e-05	0	0	0	478.201	-166.355	6.21857	477.672	-166.339	6.20795	-0.00977387	0.0285807	0.0185344	0.0931447	0.0239628	0.0912744	0.0594665
2.01068	2.21188	0	0	0	0	3.6401e-05	0	0	0	478.301	-166.361	6.2221	477.783	-166.346	6.21177	-0.00947417	0.0181001	0.0189328	0.0915867	0.0472179	0.0914494	0.057733
2.00688	2.211	0	0	0	0	2.5823e-05	0	0	0	478.401	-166.367	6.22563	477.893	-166.354	6.21552	-0.00909844	0.00766266	0.0189978	0.0893504	0.0230038	0.0915435	0.0552837
2.00311	2.21016	0	0	0	0	2.3929e-05	0	0	0	478.501	-166.373	6.22916	478.003	-166.361	6.21918	-0.00863134	-0.0027102	0.0187369	0.0862254	0.0173537	0.0915459	0.0519595
1.99937	2.20884	0	0	0	0	2.137e-05	0	0	0	478.6	-166.379	6.23269	478.113	-166.368	6.2227	-0.00803316	-0.0130247	0.018161	0.0822867	0.0226985	0.091424	0.0483264
1.99566	2.20758	0	0	0	0	3.9919e-05	0	0	0	478.7	-166.385	6.23623	478.223	-166.374	6.22605	-0.00747899	-0.0232854	0.017521	0.0781454	0.0536439	0.0911352	0.0445544
1.99198	2.20637	0	0	0	0	2.7372e-05	0	0	0	478.7	-166.385	6.23623	478.223	-166.374	6.22605	-0.00747899	-0.0232854	0.017521	0.0781454	0.0200458	0.0911352	0.0445544
1.99198	2.20637	0	0	0	0	3.8698e-05	0	0	0	478.9	-166.39	6.24126	478.444	-166.386	6.23204	-0.00640819	-0.0436553	0.0161801	0.0704819	0.0417491	0.0899492	0.0373211
1.98471	2.20413	0	0	0	0	4.0788e-05	0	0	0	479	-166.392	6.24369	478.554	-166.391	6.23492	-0.00575193	-0.0537697	0.0151195	0.0659536	0.0188632	0.0892935	0.0330192
1.9811	2.20308	0	0	0	0	2.4377e-05	0	0	0	479.1	-166.394	6.24612	478.664	-166.396	6.23735	-0.00465439	-0.0638472	0.0138208	0.0621149	0.0174217	0.0882484	0.02944
1.97751	2.20208	0	0	0	0	2.3362e-05	0	0	0	479.2	-166.396	6.24855	478.773	-166.401	6.23952	-0.0032962	-0.0738872	0.0123128	0.0585633	0.0184786	0.0870098	0.026344
1.97394	2.20113	0	0	0	0	2.407e-05	0	0	0	479.3	-166.399	6.25047	478.883	-166.405	6.24147	-0.00264412	-0.0838961	0.0139633	0.0554526	0.0200138	0.0856267	0.0235024
1.97039	2.20022	0	0	0	0	2.5752e-05	0	0	0	479.4	-166.403	6.25162	478.993	-166.41	6.24322	-0.00196188	-0.0938324	0.0160678	0.05263	0.0258259	0.0841232	0.0207783
1.96687	2.19883	0	0	0	0	2.7009e-05	0	0	0	479.5	-166.408	6.25276	479.103	-166.414	6.24479	-0.00109978	-0.103694	0.0180159	0.0498301	0.0172882	0.0825304	0.0179571
1.96337	2.19742	0	0	0	0	2.1217e-05	0	0	0	479.6	-166.412	6.25391	479.213	-166.418	6.2462	-7.59862e-05	-0.11348	0.019822	0.0469136	0.0243487	0.0808693	0.0151676
1.95989	2.19595	0	0	0	0	5.1896e-05	0	0	0	479.7	-166.417	6.25506	479.322	-166.422	6.24744	0.00110932	-0.123189	0.0214991	0.0440426	0.017231	0.0791449	0.0126854
1.95644	2.19445	0	0	0	0	2.186e-05	0	0	0	479.8	-166.42	6.25582	479.432	-166.426	6.24852	0.00194858	-0.132819	0.0221068	0.0415372	0.0504198	0.0773542	0.0104776
1.95301	2.19289	0	0	0	0	3.0726e-05	0	0	0	479.8	-166.42	6.25582	479.432	-166.426	6.24852	0.00194858	-0.132819	0.0221068	0.0415372	0.0194126	0.0773542	0.0104776
1.95301	2.19289	0	0	0	0	2.2712e-05	0	0	0	480	-166.424	6.2561	479.651	-166.433	6.25021	0.00255773	-0.151841	0.0201588	0.0368335	0.0172662	0.0736166	0.00624646
1.94628	2.18964	0	0	0	0	2.2394e-05	0	0	0	480.1	-166.426	6.25624	479.76	-166.436	6.25098	0.00293502	-0.16123	0.0190707	0.0341278	0.0264886	0.0718344	0.00385446
1.94296	2.18794	0	0	0	0	3.1079e-05	0	0	0	480.199	-166.428	6.25638	479.87	-166.44	6.25148	0.0035796	-0.170537	0.0178964	0.031991	0.0289438	0.0698899	0.00209661
1.93967	2.18619	0	0	0	0	3.3836e-05	0	0	0	480.299	-166.43	6.25652	479.979	-166.443	6.25183	0.00399224	-0.179731	0.0175825	0.0302315	0.0285981	0.0679031	0.000686196
1.93643	2.18385	0	0	0	0	2.9665e-05	0	0	0	480.399	-166.432	6.25632	480.088	-166.447	6.25205	0.0039068	-0.188805	0.018698	0.0289698	0.0211162	0.065908	-0.000281162
1.93323	2.18145	0	0	0	0	2.5869e-05	0	0	0	480.499	-166.435	6.2561	480.197	-166.45	6.25218	0.00392089	-0.197757	0.0197841	0.0283386	0.050307	0.063926	-0.000675067
1.93007	2.17897	0	0	0	0	2.9696e-05	0	0	0	480.499	-166.435	6.2561	480.197	-166.45	6.25218	0.00392089	-0.197757	0.0197841	0.0283386	0.0192836	0.063926	-0.000675067
1.93007	2.17897	0	0	0	0	2.2763e-05	0	0	0	480.699	-166.439	6.25566	480.414	-166.457	6.25225	0.00412854	-0.215276	0.0219102	0.0287519	0.0457955	0.0601148	1.50588e-06
1.92387	2.17377	0	0	0	0	3.3792e-05	0	0	0	480.799	-166.441	6.25544	480.522	-166.46	6.25227	0.00425059	-0.223834	0.0229672	0.0295154	0.0219239	0.0583494	0.000774862
1.92083	2.17106	0	0	0	0	2.613e-05	0	0	0	480.899	-166.445	6.25527	480.631	-166.464	6.25232	0.00400837	-0.23225	0.0239293	0.0304406	0.050296	0.0567051	0.00168931
1.91785	2.16826	0	0	0	0	3.2338e-05	0	0	0	480.899	-166.445	6.25527	480.631	-166.464	6.25232	0.00400837	-0.23225	0.0239293	0.0304406	0.0193126	0.0567051	0.00168931
1.91785	2.16826	0	0	0	0	2.267e-05	0	0	0	481.099	-166.453	6.25497	480.847	-166.47	6.25254	0.00334161	-0.248641	0.0258448	0.0318409	0.0466959	0.0538194	0.00315074
1.91204	2.16239	0	0	0	0	3.1789e-05	0	0	0	481.199	-166.458	6.25483	480.955	-166.474	6.25267	0.0029827	-0.256608	0.0267895	0.0325174	0.0184538	0.0525205	0.00373926
1.90922	2.15932	0	0	0	0	2.2491e-05	0	0	0	481.299	-166.462	6.25468	481.063	-166.477	6.25289	0.00254526	-0.264414	0.027734	0.0328527	0.0192804	0.0513717	0.00398441
1.90645	2.15615	0	0	0	0	2.3865e-05	0	0	0	481.399	-166.465	6.25486	481.17	-166.48	6.25314	0.0021269	-0.272058	0.0270468	0.0329257	0.0239418	0.0503242	0.00404577
1.90375	2.15289	0	0	0	0	2.7828e-05	0	0	0	481.499	-166.467	6.25528	481.278	-166.483	6.25341	0.00170794	-0.27951	0.0258191	0.0330069	0.0263365	0.0493536	0.00416626
1.9011	2.149	0	0	0	0	3.0252e-05	0	0	0	481.599	-166.469	6.2557	481.385	-166.486	6.25369	0.00128523	-0.286761	0.024567	0.0333042	0.0247711	0.0484409	0.0044704
1.89853	2.14499	0	0	0	0	2.8447e-05	0	0	0	481.699	-166.471	6.25612	481.492	-166.49	6.25397	0.000858779	-0.293807	0.0232901	0.0337755	0.0243568	0.0475835	0.00497615
1.89604	2.14086	0	0	0	0	2.717e-05	0	0	0	481.799	-166.473	6.25655	481.599	-166.493	6.25426	0.000415848	-0.300639	0.0219905	0.0344198	0.0208726	0.0467902	0.00559442
1.89361	2.1366	0	0	0	0	2.8941e-05	0	0	0	481.899	-166.475	6.25696	481.705	-166.496	6.25458	0.000272551	-0.307249	0.021943	0.035156	0.0183	0.0460671	0.00628291
1.89127	2.13221	0	0	0	0	2.4215e-05	0	0	0	481.999	-166.479	6.25731	481.812	-166.499	6.25494	0.000339996	-0.313628	0.0228384	0.0359275	0.0197199	0.0454201	0.00698967
1.889	2.12768	0	0	0	0	2.6336e-05	0	0	0	482.099	-166.484	6.25766	481.918	-166.502	6.25533	0.00036822	-0.319772	0.0237091	0.0366767	0.0185035	0.0448498	0.00765823
1.88682	2.12301	0	0	0	0	2.5847e-05	0	0	0	482.198	-166.488	6.25802	482.024	-166.505	6.25577	0.000354023	-0.325674	0.0245519	0.0373195	0.0184477	0.0443542	0.00820098
1.88472	2.1182	0	0	0	0	2.2762e-05	0	0	0	482.298	-166.492	6.25837	482.129	-166.507	6.25625	0.00030023	-0.331327	0.0253626	0.0378213	0.0203432	0.0439276	0.00856588
1.88271	2.11324	0	0	0	0	2.4075e-05	0	0	0	482.398	-166.496	6.25872	482.235	-166.51	6.25676	0.00020282	-0.336722	0.0258804	0.0381406	0.0516183	0.0435605	0.00875193
1.88078	2.10812	0	0	0	0	2.9608e-05	0	0	0	482.398	-166.496	6.25872	482.235	-166.51	6.25676	0.00020282	-0.336722	0.0258804	0.0381406	0.0198239	0.0435605	0.00875193
1.88078	2.10812	0	0	0	0	2.196e-05	0	0	0	482.598	-166.5	6.2599	482.445	-166.516	6.25785	-0.000183082	-0.346768	0.0232232	0.0382587	0.0186478	0.0429583	0.00866473
1.87721	2.09799	0	0	0	0	2.2746e-05	0	0	0	482.698	-166.503	6.26053	482.549	-166.518	6.2584	-0.000383199	-0.351421	0.0218182	0.0381323	0.0249824	0.0426906	0.00845385
1.87555	2.09307	0	0	0	0	2.6939e-05	0	0	0	482.798	-166.505	6.26117	482.654	-166.521	6.25896	-0.000588083	-0.355834	0.0203619	0.0378688	0.0280088	0.0424444	0.00815421
1.87399	2.08823	0	0	0	0	3.1068e-05	0	0	0	482.898	-166.507	6.2618	482.758	-166.523	6.25951	-0.000785204	-0.360012	0.0188503	0.0375376	0.0272245	0.0422048	0.00787175
1.87251	2.08349	0	0	0	0	2.5989e-05	0	0	0	482.998	-166.509	6.26238	482.862	-166.526	6.26004	-0.000774533	-0.363948	0.0186647	0.0372376	0.0418283	0.041964	0.00761729
1.87112	2.07883	0	0	0	0	2.384e-05	0	0	0	483.098	-166.511	6.26281	482.965	-166.528	6.26055	-0.000654913	-0.367652	0.0190768	0.0369756	0.0181362	0.041718	0.00739571
1.8698	2.07426	0	0	0	0	2.3392e-05	0	0	0	483.198	-166.513	6.26323	483.069	-166.53	6.26105	-0.000518167	-0.371131	0.0194347	0.0367439	0.0195429	0.0414691	0.00720065
1.86857	2.06977	0	0	0	0	2.4309e-05	0	0	0	483.298	-166.515	6.26365	483.172	-166.532	6.26153	-0.000365964	-0.374389	0.0197405	0.0365293	0.0243578	0.0412195	0.00701987
1.86741	2.06536	0	0	0	0	2.8661e-05	0	0	0	