299.0654218529328	-158.44235050393021	3.117432456180594	117.1679915	39.1052445	1.1388888359069824
298.5384871781599	-158.43125587803883	3.122417893741223	117.1679854	39.1052446	1.4722222089767456
298.03746730254113	-158.42016125214744	3.1283620692942793	117.1679796	39.1052447	1.6111111640930176
297.527809585787	-158.42016125214744	3.135264982839765	117.1679737	39.1052447	1.4444444179534912
297.0181518678053	-158.42016125214744	3.1419761487867643	117.1679678	39.1052447	1.6388888359069824
296.49985588393724	-158.42016125214744	3.1484955671352783	117.1679618	39.1052447	1.8888888359069824
295.97292205283907	-158.43125587803883	3.155398480680764	117.1679557	39.1052446	2.305555582046509
295.4632647545226	-158.44235050393021	3.162493141824735	117.1679498	39.1052445	2.6666667461395264
294.91041612146194	-158.45344512982157	3.1674785793853633	117.1679434	39.1052444	3.0
294.3662057539956	-158.46453975492466	3.1713135313550773	117.1679371	39.1052443	3.277777671813965
293.8565488668844	-158.4867290067074	3.174189745332363	117.1679312	39.1052441	3.3333332538604736
293.35552982792245	-158.4978236325988	3.175531978521763	117.1679254	39.105244	3.4166667461395264
292.85451120299876	-158.5200128843816	3.176298968915706	117.1679196	39.1052438	3.444444417953491
292.3275773600012	-158.53110750948466	3.1764907165141913	117.1679135	39.1052437	3.472222328186035
291.8092821967342	-158.55329676126743	3.175531978521763	117.1679075	39.1052435	3.444444417953491
291.299625296584	-158.5754860130502	3.174189745332363	117.1679016	39.1052433	3.305555582046509
290.7899679822383	-158.5865806389416	3.1726557645444773	117.1678957	39.1052432	3.555555582046509
290.28894893252897	-158.59767526404465	3.1713135313550773	117.1678899	39.1052431	3.3333332538604736
289.73610069218336	-158.61986451582746	3.169779550567192	117.1678835	39.1052429	3.3611111640930176
289.23508163884657	-158.63095914171882	3.1686290649762774	117.1678777	39.1052428	3.3888888359069824
288.6995095171075	-158.6420537676102	3.167670326983849	117.1678715	39.1052427	3.444444417953491
288.1898526023496	-158.66424301860465	3.167670326983849	117.1678656	39.1052425	3.527777671813965
287.64564221068014	-158.67533764449604	3.167862074582335	117.1678593	39.1052424	3.555555582046509
287.11870834982756	-158.68643227038743	3.167862074582335	117.1678532	39.1052423	3.5833332538604736
286.58313662784985	-158.70862152217023	3.1680538221808203	117.167847	39.1052421	3.5833332538604736
286.0216496971509	-158.71971614806162	3.1686290649762774	117.1678405	39.105242	3.6111111640930176
285.4947158322317	-158.73081077316468	3.1688208125747632	117.1678344	39.1052419	3.5833332538604736
284.9591441026072	-158.75300002494745	3.1693960553702203	117.1678282	39.1052417	3.6111111640930176
284.42357196644423	-158.76409465083884	3.169779550567192	117.167822	39.1052416	3.6388888359069824
283.8880002315011	-158.7862839026216	3.1699712981656774	117.1678158	39.1052414	3.6666667461395264
283.34379022720356	-158.8084731536161	3.170354793362649	117.1678095	39.1052412	3.694444417953491
282.799579817395	-158.81956777950745	3.169587802968706	117.1678032	39.1052411	3.6666667461395264
282.26400727317423	-158.81956777950745	3.1680538221808203	117.167797	39.1052411	3.6388888359069824
281.71979726195286	-158.84175703129023	3.166328093794449	117.1677907	39.1052409	3.6666667461395264
281.1496720484315	-158.85285165718162	3.1634518798171634	117.1677841	39.1052408	3.6388888359069824
280.6140999000261	-158.86394628228467	3.1609591610368493	117.1677779	39.1052407	3.5833332538604736
280.0871660164899	-158.87504090817606	3.157891199461078	117.1677718	39.1052406	3.6111111640930176
279.5515938650576	-158.88613553406745	3.1550149854837923	117.1677656	39.1052405	3.555555582046509
279.0332978503077	-158.88613553406745	3.151947023908021	117.1677596	39.1052405	3.527777671813965
278.52364049831544	-158.89723015995884	3.149646052726193	117.1677537	39.1052404	3.5
277.99670621518936	-158.89723015995884	3.149454305127707	117.1677476	39.1052404	3.5
277.48704846611736	-158.89723015995884	3.1492625575292212	117.1677417	39.1052404	3.472222328186035
276.97739111120853	-158.90832478585025	3.149454305127707	117.1677358	39.1052403	3.444444417953491
276.46773336141354	-158.90832478585025	3.1492625575292212	117.1677299	39.1052403	3.472222328186035
275.96671387927165	-158.90832478585025	3.1490708099307354	117.1677241	39.1052403	3.4166667461395264
275.46569439712977	-158.90832478585025	3.1484955671352783	117.1677183	39.1052403	3.3888888359069824
274.96467530384047	-158.91941941174164	3.14753682914285	117.1677125	39.1052402	3.3888888359069824
274.4550179439072	-158.9305140368447	3.1460028483549642	117.1677066	39.1052401	3.3611111640930176
273.9021688579608	-158.9305140368447	3.14485236276405	117.1677002	39.1052401	3.3333332538604736
273.38387284026976	-158.9305140368447	3.1433183819761643	117.1676942	39.1052401	3.3611111640930176
272.86557720968096	-158.9416086627361	3.14216789638525	117.1676882	39.10524	3.3333332538604736
272.35591945771694	-158.9416086627361	3.14082566319585	117.1676823	39.10524	3.3333332538604736
271.8030699866189	-158.9305140368447	3.139291682407965	117.1676759	39.1052401	3.3333332538604736
271.2502212854832	-158.9416086627361	3.1381411968170503	117.1676695	39.10524	3.3611111640930176
270.74056314943147	-158.9305140368447	3.137182458824622	117.1676636	39.1052401	3.4166667461395264
270.22226713174035	-158.9305140368447	3.1367989636276503	117.1676576	39.1052401	3.5
269.6866941973291	-158.91941941174164	3.136415468430679	117.1676514	39.1052402	3.6666667461395264
269.1338451121671	-158.91941941174164	3.136607216029165	117.167645	39.1052402	3.6388888359069824
268.58963429467036	-158.91941941174164	3.136990711226136	117.1676387	39.1052402	3.6666667461395264
268.04542347717364	-158.91941941174164	3.138332944415536	117.1676324	39.1052402	3.6111111640930176
267.501212659677	-158.91941941174164	3.1394834300064502	117.1676261	39.1052402	3.805555582046509
266.96564010861806	-158.91941941174164	3.14082566319585	117.1676199	39.1052402	3.694444417953491
266.43006755755914	-158.91941941174164	3.14216789638525	117.1676137	39.1052402	3.694444417953491
265.8772188495853	-158.9305140368447	3.143126634377679	117.1676073	39.1052401	3.694444417953491
265.3330080313166	-158.9305140368447	3.144468867567079	117.167601	39.1052401	3.722222328186035
264.83198854652557	-158.9305140368447	3.145811100756479	117.1675952	39.1052401	3.75
264.31369252883445	-158.9305140368447	3.1471533339458784	117.1675892	39.1052401	3.75
263.7608438183015	-158.9416086627361	3.148112071938307	117.1675828	39.10524	3.777777671813965
263.2598243327997	-158.9416086627361	3.14887906233225	117.167577	39.10524	3.777777671813965
262.6983369796068	-158.9416086627361	3.149454305127707	117.1675705	39.10524	3.8333332538604736
262.1973178673003	-158.95270328862748	3.15022129552165	117.1675647	39.1052399	3.8333332538604736
261.6012774449575	-158.95270328862748	3.1511800335140783	117.1675578	39.1052399	3.805555582046509
261.0743431593213	-158.95270328862748	3.152138771506507	117.1675517	39.1052399	3.805555582046509
260.54740887245754	-158.95270328862748	3.15290576190045	117.1675456	39.1052399	3.805555582046509
260.0291132221877	-158.96379791451884	3.153864499892878	117.1675396	39.1052398	3.75
259.5108175704472	-158.97489254041022	3.154631490286821	117.1675336	39.1052397	3.777777671813965
258.98388328331595	-158.97489254041022	3.155206733082278	117.1675275	39.1052397	3.75
258.40511976009554	-158.9859871663016	3.1555902282792494	117.1675208	39.1052396	3.722222328186035
257.8868241045806	-158.99708179140467	3.155206733082278	117.1675148	39.1052395	3.722222328186035
257.33397501392847	-158.99708179140467	3.152714014301964	117.1675084	39.1052395	3.6111111640930176
256.80704108839535	-159.00817641729608	3.1484955671352783	117.1675023	39.1052394	3.555555582046509
256.27146853125805	-159.00817641729608	3.144085372370107	117.1674961	39.1052394	3.722222328186035
255.74453424188417	-159.00817641729608	3.1381411968170503	117.16749	39.1052394	3.527777671813965
255.21759995128272	-159.00817641729608	3.130854788074594	117.1674839	39.1052394	3.4166667461395264
254.69930356711404	-158.99708179140467	3.120692165354851	117.1674779	39.1052395	3.5833332538604736
254.17236927848768	-158.99708179140467	3.1088038142487378	117.1674718	39.1052395	3.555555582046509
253.61951946823802	-158.97489254041022	3.094039249165338	117.1674654	39.1052397	3.472222328186035
253.1098606381052	-158.9416086627361	3.079849926877396	117.1674595	39.10524	3.3611111640930176
252.55701047650027	-158.90832478585025	3.0633596334076256	117.1674531	39.1052403	3.3333332538604736
252.00415996209395	-158.86394628228467	3.0470610875363406	117.1674467	39.1052407	3.3888888359069824
251.46858563109728	-158.8084731536161	3.0313377844605127	117.1674405	39.1052412	3.25
250.95892575289116	-158.74190539905607	3.0169567145740848	117.1674346	39.1052418	3.194444417953491
250.40607454883784	-158.67533764449604	3.0020004018921997	117.1674282	39.1052424	3.194444417953491
249.86186126582274	-158.59767526404465	2.9889615651951718	117.1674219	39.1052431	3.194444417953491
249.3522007075405	-158.5089182584902	2.9789906900739154	117.167416	39.1052439	3.1666667461395264
248.85117842671286	-158.42016125214744	2.9728547669223726	117.1674102	39.1052447	3.0833332538604736
248.35879442304594	-158.33140424580466	2.9688280673541727	117.1674045	39.1052455	3.027777671813965
247.8145808327311	-158.2426472402502	2.96537661058143	117.1673982	39.1052463	3.0
247.31355858641277	-158.15389023390742	2.9626921442026304	117.1673924	39.1052471	2.972222328186035
246.7866212036513	-158.05403860167323	2.9617334062102016	117.1673863	39.105248	2.944444417953491
246.27696071447104	-157.96528159611879	2.96537661058143	117.1673804	39.1052488	2.9166667461395264
245.75866197157333	-157.87652458977598	2.975155738104201	117.1673744	39.1052496	2.805555582046509
245.2144484436492	-157.7877675834332	2.9931800123618575	117.1673681	39.1052504	2.75
244.67023562105612	-157.72119982887318	3.016764966975599	117.1673618	39.105251	2.75
244.14329934026418	-157.6546320743132	3.0464858447408836	117.1673557	39.1052516	2.722222328186035
243.64227890150585	-157.62134819742735	3.0794664316804248	117.1673499	39.1052519	2.722222328186035
243.11534401455245	-157.59915894564458	3.115131484998766	117.1673438	39.1052521	2.6388888359069824
242.6056863513024	-157.59915894564458	3.15156352871105	117.1673379	39.1052521	2.6388888359069824
242.10466729526763	-157.61025357153596	3.1881873200218194	117.1673321	39.105252	2.6666667461395264
241.56909551927134	-157.63244282331877	3.2278790729083604	117.1673259	39.1052518	2.6666667461395264
241.0335251080107	-157.69901057787874	3.2669955829994444	117.1673197	39.1052512	2.6666667461395264
240.48931642246924	-157.76557833243876	3.3070708310829566	117.1673134	39.1052506	2.6666667461395264
239.98830007768504	-157.8654299638846	3.3442698651891836	117.1673076	39.1052497	2.6388888359069824
239.47000752783714	-157.97637622201015	3.380318413704496	117.1673016	39.1052487	2.6388888359069824
238.97763010009407	-158.09841710523878	3.4125320102500947	117.1672959	39.1052476	2.6388888359069824
238.46797713933654	-158.25374186535325	3.438226188447179	117.16729	39.1052462	2.6666667461395264
237.97560069253734	-158.40906662625602	3.457017453098778	117.1672843	39.1052448	2.555555582046509
237.46594802851556	-158.5754860130502	3.470056289795806	117.1672784	39.1052433	2.6388888359069824
236.93901981749642	-158.7751892767302	3.4815611457049482	117.1672723	39.1052415	2.444444417953491
236.43800571066976	-158.95270328862748	3.489614544841348	117.1672665	39.1052399	2.472222328186035
235.94562984776874	-159.13021730052472	3.495366972795919	117.1672608	39.1052383	2.472222328186035
235.45325396374247	-159.30773131321027	3.498626681970176	117.1672551	39.1052367	2.5
234.978154924842	-159.4963399509989	3.4997771675610903	117.1672496	39.105235	2.444444417953491
234.48577932723072	-159.68494858878753	3.497476196379262	117.1672439	39.1052333	2.527777671813965
233.97612683772718	-159.86246260147308	3.486930078462548	117.167238	39.1052317	2.3611111640930176
233.47511259398956	-160.03997661337033	3.46986454219732	117.1672322	39.1052301	2.305555582046509
233.00001280180268	-160.2063960001645	3.448197063568436	117.1672267	39.1052286	2.305555582046509
232.5162740616314	-160.35062613438757	3.42211939017438	117.1672211	39.1052273	2.277777671813965
232.0152584356566	-160.4837616435076	3.392590260007581	117.1672153	39.1052261	2.277777671813965
231.48832765928273	-160.60580252752453	3.3565417114922687	117.1672092	39.105225	2.25
230.98731101761388	-160.70565415897036	3.3168499586057276	117.1672034	39.1052241	2.25
230.4603789012452	-160.78331653942178	3.2712140301661297	117.1671973	39.1052234	2.194444417953491
229.9334461232461	-160.83878966809039	3.2248111113325892	117.1671912	39.1052229	2.1666667461395264
229.41515095546904	-160.87207354576455	3.1810926588778483	117.1671852	39.1052226	2.194444417953491
228.91413167104267	-160.88316817086763	3.138332944415536	117.1671794	39.1052225	2.25
228.41311141430432	-160.86097891987316	3.095573229953224	117.1671736	39.1052227	2.222222328186035
227.9034525673073	-160.827695042199	3.05377225348334	117.1671677	39.105223	2.3333332538604736
227.38515481097744	-160.7722219135304	3.0136970053998278	117.1671617	39.1052235	2.277777671813965
226.8754946879351	-160.694559533079	2.9820586516496865	117.1671558	39.1052242	2.25
226.3485577148239	-160.60580252752453	2.9575149590435164	117.1671497	39.105225	2.305555582046509
225.8561735085263	-160.50595089529037	2.9446678699449738	117.167144	39.1052259	2.3888888359069824
225.32923592159028	-160.39500463795312	2.9429421415586026	117.1671379	39.1052269	2.472222328186035
224.82821347362156	-160.29515300571896	2.9458183555358883	117.1671321	39.1052278	2.527777671813965
224.32719135668964	-160.2063960001645	2.9486945695131737	117.1671263	39.1052286	2.6111111640930176
223.83480720134693	-160.10654436793033	2.9532965118768306	117.1671206	39.1052295	2.722222328186035
223.30786998556746	-160.00669273569616	2.9613499110132304	117.1671145	39.1052304	2.75
222.80684790437016	-159.9179357301417	2.9707455433390297	117.1671087	39.1052312	2.777777671813965
222.27127276231937	-159.82917872379892	2.984934865626972	117.1671025	39.105232	2.75
221.7529744829331	-159.75151634334753	3.0008499163012856	117.1670965	39.1052327	2.6388888359069824
221.23467652769656	-159.68494858878753	3.018107200164999	117.1670905	39.1052333	2.6666667461395264
220.71637889440385	-159.6294754601189	3.036131474422655	117.1670845	39.1052338	2.694444417953491
220.18080473291477	-159.57400233145026	3.0581824482485116	117.1670783	39.1052343	2.5833332538604736
219.67978427317667	-159.54071845377612	3.081767402862253	117.1670725	39.1052346	2.527777671813965
219.17876381770324	-159.5074345768903	3.107845076256309	117.1670667	39.1052349	2.527777671813965
218.66046745034598	-159.4963399509989	3.137757701620079	117.1670607	39.105235	2.527777671813965
218.15080997293887	-159.5074345768903	3.1661363461959633	117.1670548	39.1052349	2.472222328186035
217.64115249285808	-159.51852920278168	3.195090233567305	117.1670489	39.1052348	2.444444417953491
217.12285766828708	-159.5629077055589	3.2246193637341034	117.1670429	39.1052344	2.444444417953491
216.62183968076815	-159.6183808342275	3.2524227655145306	117.1670371	39.1052339	2.4166667461395264
216.10354545694818	-159.68494858878753	3.282143643279815	117.1670311	39.1052333	2.3888888359069824
215.5852515301459	-159.7626109692389	3.3097552974617566	117.1670251	39.1052326	2.25
215.06695820326144	-159.86246260147308	3.3312310284921556	117.1670191	39.1052317	2.277777671813965
214.56594139832123	-159.9623142329189	3.345803845977069	117.1670133	39.1052308	2.3333332538604736
214.0649245818146	-160.06216586515308	3.356349963893783	117.1670075	39.1052299	2.3888888359069824
213.57254632331006	-160.17311212249035	3.3644033630301826	117.1670018	39.1052289	2.4166667461395264
213.0369773143339	-160.30624763161035	3.369388800590811	117.1669956	39.1052277	2.25
212.53596075655895	-160.41719388894757	3.3716897717726395	117.1669898	39.1052267	2.3611111640930176
212.0349444866005	-160.5392347729645	3.3714980241741537	117.166984	39.1052256	2.3611111640930176
211.52528963133415	-160.65018103030175	3.364019867833211	117.1669781	39.1052246	2.1388888359069824
211.0242730313068	-160.761127287639	3.3475295743634406	117.1669723	39.1052236	2.25
210.50597958001185	-160.86097891987316	3.3226023865602987	117.1669663	39.1052227	2.1388888359069824
209.98768581758168	-160.94973592621596	3.2901970424162146	117.1669603	39.1052219	2.1388888359069824
209.46075318030356	-161.01630368077593	3.2516557751205877	117.1669542	39.1052213	2.055555582046509
208.95109647885096	-161.06068218355318	3.2090878082567613	117.1669483	39.1052209	2.1111111640930176
208.42416264131882	-161.08287143533596	3.161342656233821	117.1669422	39.1052207	2.1666667461395264
207.88858964840568	-161.07177680944457	3.11091303783208	117.166936	39.1052208	2.222222328186035
207.3789311692219	-161.0495875576618	3.06316788580914	117.1669301	39.105221	2.1666667461395264
206.8433570050862	-160.99411442899319	3.0144639957937707	117.1669239	39.1052215	2.194444417953491
206.31642023914125	-160.90535742265038	2.9736217573163155	117.1669178	39.1052223	2.25
205.80676002467868	-160.8166004163076	2.943325636755574	117.1669119	39.1052231	2.027777671813965
205.29709952931125	-160.71674878486175	2.9226168961191177	117.166906	39.105224	2.1388888359069824
204.77880019762458	-160.59470790163314	2.9109202926114897	117.1669	39.1052251	2.194444417953491
204.2691391502675	-160.47266701840454	2.90823582623269	117.1668941	39.1052262	2.25
203.7767546573094	-160.35062613438757	2.9126460209978613	117.1668884	39.1052273	2.3611111640930176
203.2670939298618	-160.23967987705032	2.9185901965509182	117.1668825	39.1052283	2.527777671813965
202.7487946614705	-160.1176389938217	2.9258766052933747	117.1668765	39.1052294	2.6388888359069824
202.23049598304604	-160.01778736158755	2.93680621840706	117.1668705	39.1052303	2.694444417953491
201.7208355853974	-159.9179357301417	2.9511872882934878	117.1668646	39.1052312	2.75
201.2111752019907	-159.81808409790753	2.9663353485738586	117.1668587	39.1052321	2.8611111640930176
200.675600027183	-159.7182324664617	2.9824421468466578	117.1668525	39.105233	2.8888888359069824
200.12274861430956	-159.6294754601189	2.999891178308857	117.1668461	39.1052338	2.944444417953491
199.59581258289995	-159.5629077055589	3.0171484621725706	117.16684	39.1052344	2.9166667461395264
199.06023829461327	-159.4963399509989	3.033830503240827	117.1668338	39.105235	2.944444417953491
198.51602602761335	-159.44086682233026	3.0514712823015118	117.1668275	39.1052355	2.972222328186035
197.97181405041522	-159.39648831955304	3.068728566165225	117.1668212	39.1052359	3.027777671813965
197.3930492893082	-159.36320444187888	3.0873280832183387	117.1668145	39.1052362	3.055555582046509
196.89202921938065	-159.3410151900961	3.1022843959002238	117.1668087	39.1052364	3.055555582046509
196.3823708841897	-159.31882593910166	3.112447018619966	117.1668028	39.1052366	3.0833332538604736
195.88135109786094	-159.30773131321027	3.117815951377566	117.166797	39.1052367	3.055555582046509
195.38033131295384	-159.29663668731888	3.1212674081503082	117.1667912	39.1052368	3.027777671813965
194.86203499455627	-159.28554206142746	3.1251023601200223	117.1667852	39.1052369	3.027777671813965
194.35237694445922	-159.2744474355361	3.129320807286708	117.1667793	39.105237	2.944444417953491
193.83408090397438	-159.2744474355361	3.134114497248851	117.1667733	39.105237	2.972222328186035
193.2985080543781	-159.26335281043302	3.137757701620079	117.1667671	39.1052371	2.944444417953491
192.7629354797656	-159.26335281043302	3.1400586728019073	117.1667609	39.1052371	2.9166667461395264
192.25327770683367	-159.26335281043302	3.1427431391807072	117.166755	39.1052371	2.9166667461395264
191.72634340026642	-159.26335281043302	3.1460028483549642	117.1667489	39.1052371	2.8888888359069824
191.19940909247157	-159.26335281043302	3.150604790718621	117.1667428	39.1052371	2.8888888359069824
190.6724747859043	-159.26335281043302	3.154823237885307	117.1667367	39.1052371	2.9166667461395264
190.12826421420064	-159.2744474355361	3.158466442256535	117.1667304	39.105237	2.944444417953491
189.609968442707	-159.28554206142746	3.161917899029278	117.1667244	39.1052369	2.972222328186035
189.06575786672434	-159.29663668731888	3.165177608203535	117.1667181	39.1052368	2.972222328186035
188.53018555729182	-159.30773131321027	3.168437317377792	117.1667119	39.1052367	2.972222328186035
187.9859749794608	-159.31882593910166	3.1707382885596203	117.1667056	39.1052366	3.027777671813965
187.48495600297335	-159.3410151900961	3.171697026552049	117.1666998	39.1052364	3.055555582046509
186.9666602233181	-159.3521098159875	3.179366930491477	117.1666938	39.1052363	3.055555582046509
186.4570029736384	-159.37429906777027	3.193172757582448	117.1666879	39.1052361	3.1111111640930176
185.94734598486184	-159.40758294465613	3.2110052842416184	117.166682	39.1052358	2.944444417953491
185.42905098779335	-159.45196144822165	3.2292213060977604	117.166676	39.1052354	3.0
184.8934794494649	-159.4963399509989	3.2455198519690454	117.1666698	39.105235	2.944444417953491
184.34927016099027	-159.5629077055589	3.260667912249416	117.1666635	39.1052344	2.9166667461395264
183.83097566614478	-159.6294754601189	3.2748572345373583	117.1666575	39.1052338	2.75
183.32995769829472	-159.69604321467892	3.2907722852116716	117.1666517	39.1052332	2.777777671813965
182.82893998128654	-159.77370559513028	3.3070708310829566	117.1666459	39.1052325	2.6666667461395264
182.31928424428102	-159.86246260147308	3.3233693769542416	117.16664	39.1052317	2.805555582046509
181.8009904860424	-159.9623142329189	3.3402431656209837	117.166634	39.1052308	2.6388888359069824
181.28269697174628	-160.0732604910445	3.3565417114922687	117.166628	39.1052298	2.6111111640930176
180.76440344274448	-160.18420674838174	3.373032004962039	117.166622	39.1052288	2.6111111640930176
180.2547486784329	-160.31734225750174	3.38683783205301	117.1666161	39.1052276	2.6666667461395264
179.762370434254	-160.45047776662173	3.398534435560638	117.1666104	39.1052264	2.6666667461395264
179.24407736725502	-160.58361327574175	3.4098475438712947	117.1666044	39.1052252	2.6666667461395264
178.74306107425753	-160.72784341075314	3.416942205015266	117.1665986	39.1052239	2.6111111640930176
178.22476822436303	-160.87207354576455	3.412340262651609	117.1665926	39.1052226	2.444444417953491
177.70647535535105	-161.01630368077593	3.399876668750038	117.1665866	39.1052213	2.5
177.1968204847538	-161.14943918989596	3.383578122878753	117.1665807	39.1052201	2.3611111640930176
176.6871653473733	-161.2714800731246	3.3630611298407826	117.1665748	39.105219	2.3611111640930176
176.1947864824677	-161.3824263304618	3.340626660817955	117.1665691	39.105218	2.305555582046509
175.66785402558904	-161.47118333680461	3.3168499586057276	117.166563	39.1052172	2.3611111640930176
175.15819809791373	-161.55994034235906	3.2951824799768428	117.1665571	39.1052164	2.444444417953491
174.63126536956844	-161.63760272281047	3.2742819917419013	117.166551	39.1052157	2.5
174.13024694772938	-161.69307585147905	3.2539567463024164	117.1665452	39.1052152	2.472222328186035
173.61195197842957	-161.74854898093602	3.2336315008629315	117.1665392	39.1052147	2.444444417953491
173.08501848537742	-161.79292748371324	3.2123475174310183	117.1665331	39.1052143	2.444444417953491
172.56672301242082	-161.8262113613874	3.189721300809705	117.1665271	39.105214	2.444444417953491
172.03115050634895	-161.8373059864905	3.164410617809592	117.1665209	39.1052139	2.472222328186035
171.49557799875743	-161.84840061238185	3.139099934809479	117.1665147	39.1052138	2.5
170.9859198160175	-161.8373059864905	3.11493973740028	117.1665088	39.1052139	2.3888888359069824
170.484899662513	-161.815116735496	3.091354782786538	117.166503	39.1052141	2.444444417953491
169.9752412410122	-161.79292748371324	3.068153323369768	117.1664971	39.1052143	2.527777671813965
169.44830556083582	-161.73745435504463	3.0457188543469407	117.166491	39.1052148	2.6111111640930176
168.93864666923386	-161.69307585147905	3.0250101137104846	117.1664851	39.1052152	2.6111111640930176
168.41171052530206	-161.61541347181597	3.003726130278571	117.166479	39.1052159	2.694444417953491
167.89341266239322	-161.5377510913646	2.9828256420436294	117.166473	39.1052166	2.6111111640930176
167.40102938125395	-161.44899408502184	2.963459134596573	117.1664673	39.1052174	2.6388888359069824
166.87409279679144	-161.34914245357598	2.9448596175434596	117.1664612	39.1052183	2.6388888359069824
166.36443252779347	-161.2381961954504	2.9274105860812605	117.1664553	39.1052193	2.5
165.8374957355031	-161.12724993811318	2.9118790306039184	117.1664492	39.1052203	2.75
165.34511179983903	-161.00520905488455	2.9015246602856903	117.1664435	39.1052214	2.5
164.8527278795423	-160.88316817086763	2.8955804847326334	117.1664378	39.1052225	2.555555582046509
164.33442893483536	-160.75003266174758	2.8915537851644335	117.1664318	39.1052237	2.6111111640930176
163.81613000777514	-160.6168971526276	2.888677571187148	117.1664258	39.1052249	2.6666667461395264
163.28919306184704	-160.49485626939898	2.885417862012891	117.1664197	39.105226	2.722222328186035
162.7795322065949	-160.35062613438757	2.8819664052401484	117.1664138	39.1052273	2.75
162.25259506337574	-160.21749062526757	2.87966543405832	117.1664077	39.1052285	2.75
161.7602110126782	-160.08435511614758	2.8827333956340913	117.166402	39.1052297	2.75
161.24191194481088	-159.94012498113614	2.888102328391691	117.166396	39.105231	2.777777671813965
160.7495281556024	-159.81808409790753	2.8925125231568622	117.1663903	39.1052321	2.805555582046509
160.24850611446573	-159.69604321467892	2.8959639799296046	117.1663845	39.1052332	2.805555582046509
159.72156905843858	-159.5629077055589	2.8969227179220334	117.1663784	39.1052344	2.8611111640930176
159.19463224742216	-159.44086682233026	2.8992236891038616	117.1663723	39.1052355	2.972222328186035
158.71088633816166	-159.29663668731888	2.9030586410735757	117.1663667	39.1052368	3.055555582046509
158.1753112929107	-159.17459580409025	2.9080440786342043	117.1663605	39.1052379	3.1111111640930176
157.67428933316955	-159.05255492086164	2.9136047589902896	117.1663547	39.105239	3.1111111640930176
157.17326738906542	-158.9305140368447	2.9210829153312323	117.1663489	39.1052401	3.1388888359069824
156.67224590512615	-158.83066240539884	2.9310537904524887	117.1663431	39.105241	2.8888888359069824
156.17986247864482	-158.71971614806162	2.943325636755574	117.1663374	39.105242	3.0833332538604736
155.6702027535594	-158.61986451582746	2.960199425422316	117.1663315	39.1052429	2.972222328186035
155.1346284623537	-158.53110750948466	2.9814834088542295	117.1663253	39.1052437	3.1111111640930176
154.60769266977817	-158.45344512982157	3.0073693346497996	117.1663192	39.1052444	2.944444417953491
154.06348057210153	-158.38687737526158	3.037665455210541	117.1663129	39.105245	2.8888888359069824
153.53654545332765	-158.34249887169602	3.067002837778854	117.1663068	39.1052454	2.8888888359069824
153.00961055637453	-158.30921499481016	3.096148472748681	117.1663007	39.1052457	2.944444417953491
152.4481228160425	-158.2870257430274	3.127211583703365	117.1662942	39.1052459	2.944444417953491
151.9125503082918	-158.2870257430274	3.156740713870164	117.166288	39.1052459	2.9166667461395264
151.3856164970361	-158.30921499481016	3.1856946012415053	117.1662819	39.1052457	2.9166667461395264
150.8327678829703	-158.33140424580466	3.2140732458173895	117.1662755	39.1052455	2.8333332538604736
150.31447297120712	-158.38687737526158	3.2399591716129597	117.1662695	39.105245	2.8611111640930176
149.79617783958187	-158.43125587803883	3.2648863594161015	117.1662635	39.1052446	2.8611111640930176
149.28652160338055	-158.5089182584902	3.2890465568253004	117.1662576	39.1052439	2.8333332538604736
148.7768653582843	-158.5865806389416	3.312631511439042	117.1662517	39.1052432	2.8333332538604736
148.2758473692216	-158.66424301860465	3.336024718454298	117.1662459	39.1052425	2.805555582046509
147.7748299979053	-158.7751892767302	3.3586509350756115	117.1662401	39.1052415	2.777777671813965
147.22198343045446	-158.90832478585025	3.382427637287839	117.1662337	39.1052403	2.75
146.738242979216	-159.04146029497025	3.399109678356095	117.1662281	39.1052391	2.75
146.21131117668142	-159.17459580409025	3.410422786666752	117.166222	39.1052379	2.777777671813965
145.71893242490017	-159.30773131321027	3.4131072530455517	117.1662163	39.1052367	2.777777671813965
145.2006390600753	-159.45196144822165	3.410422786666752	117.1662103	39.1052354	2.805555582046509
144.7082602736253	-159.58509695734168	3.4060125919015807	117.1662046	39.1052342	2.8333332538604736
144.1899668717787	-159.72932709235306	3.401794144734895	117.1661986	39.1052329	2.8333332538604736
143.68031131064072	-159.8513679755817	3.394699483590924	117.1661927	39.1052318	2.8888888359069824
143.16201766909163	-159.98450348470172	3.383386375280267	117.1661867	39.1052306	2.8888888359069824
142.66963861200807	-160.10654436793033	3.371114528977182	117.166181	39.1052295	2.8611111640930176
142.15998300378936	-160.22858525115896	3.3519397691286117	117.1661751	39.1052284	2.8611111640930176
141.6416885075957	-160.31734225750174	3.3298887953027556	117.1661691	39.1052276	2.8611111640930176
141.08884112501903	-160.41719388894757	3.3047698599011284	117.1661627	39.1052267	2.8888888359069824
140.56190833475105	-160.50595089529037	3.2798426720979865	117.1661566	39.1052259	2.944444417953491
140.01769859867233	-160.57251864985037	3.2549154842948447	117.1661503	39.1052253	2.9166667461395264
139.4821269237893	-160.62799177851898	3.2299882964917033	117.1661441	39.1052248	2.777777671813965
138.963831385025	-160.66127565619317	3.2058280990825043	117.1661381	39.1052245	3.055555582046509
138.4541741114751	-160.694559533079	3.1824348920672483	117.1661322	39.1052242	2.9166667461395264
137.9531547093789	-160.70565415897036	3.1623013942262492	117.1661264	39.1052241	2.8333332538604736
137.42622050059208	-160.71674878486175	3.1452358579610213	117.1661203	39.105224	2.8888888359069824
136.88200936260776	-160.70565415897036	3.133731002051879	117.166114	39.1052241	2.972222328186035
136.38098976532046	-160.70565415897036	3.12567760291548	117.1661082	39.1052241	3.055555582046509
135.86269343724175	-160.694559533079	3.120116922559394	117.1661022	39.1052242	3.1111111640930176
135.3443971106336	-160.6834649071876	3.117048960983623	117.1660962	39.1052243	3.1666667461395264
134.8001859791464	-160.67237028208453	3.116090222991194	117.1660899	39.1052244	3.277777671813965
134.2559746575128	-160.65018103030175	3.115898475392709	117.1660836	39.1052246	3.305555582046509
133.71176352988584	-160.63908640441036	3.1172407085821088	117.1660773	39.1052247	3.277777671813965
133.17619067212797	-160.62799177851898	3.12165090334728	117.1660711	39.1052248	3.3333332538604736
132.61470300972385	-160.6168971526276	3.127978574097308	117.1660646	39.1052249	3.25
132.07049188674142	-160.60580252752453	3.1354567304382504	117.1660583	39.105225	3.277777671813965
131.52628095066592	-160.60580252752453	3.14351012957465	117.166052	39.105225	3.305555582046509
130.98207001581798	-160.60580252752453	3.150988285915593	117.1660457	39.105225	3.3333332538604736
130.42922099647603	-160.6168971526276	3.1563572186731923	117.1660393	39.1052249	3.305555582046509
129.87637197679305	-160.62799177851898	3.156548966271678	117.1660329	39.1052248	3.305555582046509
129.33216122265114	-160.63908640441036	3.1523305191049924	117.1660266	39.1052247	3.305555582046509
128.82250336129124	-160.63908640441036	3.148687314733764	117.1660207	39.1052247	3.305555582046509
128.26965415456235	-160.63908640441036	3.1438936247716214	117.1660143	39.1052247	3.3333332538604736
127.72544321739825	-160.63908640441036	3.1362237208321933	117.166008	39.1052247	3.305555582046509
127.17259383025534	-160.62799177851898	3.126636340907908	117.1660016	39.1052248	3.3333332538604736
126.63702098253405	-160.6168971526276	3.11628197058968	117.1659954	39.1052249	3.277777671813965
126.10144795743793	-160.59470790163314	3.104777114680538	117.1659892	39.1052251	3.277777671813965
125.55723684523967	-160.58361327574175	3.09039604479411	117.1659829	39.1052252	3.277777671813965
124.97847230447276	-160.5503293980676	3.0737140037258537	117.1659762	39.1052255	3.305555582046509
124.47745218736465	-160.51704552118176	3.058949438642454	117.1659704	39.1052258	3.3611111640930176
123.97643189741382	-160.47266701840454	3.044184873559055	117.1659646	39.1052262	3.3333332538604736
123.44949680883593	-160.42828851483895	3.0296120560741415	117.1659585	39.1052266	3.3333332538604736
122.93119981989673	-160.37281538617037	3.015997976581656	117.1659525	39.1052271	3.3333332538604736
122.40426439545153	-160.30624763161035	3.0021921494906856	117.1659464	39.1052277	3.3333332538604736
121.8859670761863	-160.22858525115896	2.9891533127936576	117.1659404	39.1052284	3.3333332538604736
121.35039271392826	-160.1176389938217	2.9787989424754295	117.1659342	39.1052294	3.3333332538604736
120.81481853826058	-160.01778736158755	2.971320786134487	117.165928	39.1052303	3.305555582046509
120.27924437749678	-159.9179357301417	2.9655683581799157	117.1659218	39.1052312	3.305555582046509
119.74367022918157	-159.81808409790753	2.9632673869980874	117.1659156	39.1052321	3.305555582046509
119.22537246127075	-159.7071378405703	2.9655683581799157	117.1659096	39.1052331	3.222222328186035
118.68979867760711	-159.6294754601189	2.974580495308744	117.1659034	39.1052338	3.1388888359069824
118.17150110479143	-159.52962382867307	2.9864688464148577	117.1658974	39.1052347	3.25
117.66184214605556	-159.45196144822165	3.000466421104314	117.1658915	39.1052354	3.222222328186035
117.15218336364065	-159.38539369366165	3.0158062289831706	117.1658856	39.105236	3.1388888359069824
116.65116285800859	-159.31882593910166	3.0326800176499127	117.1658798	39.1052366	3.1388888359069824
116.13286615557244	-159.2744474355361	3.051279534703026	117.1658738	39.105237	3.055555582046509
115.5972929242292	-159.23006893275888	3.0717965277409967	117.1658676	39.1052374	3.027777671813965
115.0962730949109	-159.2078796809761	3.09173827798351	117.1658618	39.1052376	2.8888888359069824
114.55206193232112	-159.18569042998163	3.113789251809366	117.1658555	39.1052378	2.944444417953491
114.01648936302718	-159.18569042998163	3.1348814876427933	117.1658493	39.1052378	2.9166667461395264
113.51547002292772	-159.19678505508472	3.154631490286821	117.1658435	39.1052377	2.8611111640930176
113.00581241587786	-159.2078796809761	3.1751484833247914	117.1658376	39.1052376	2.8611111640930176
112.50479323375615	-159.23006893275888	3.195090233567305	117.1658318	39.1052374	2.75
112.00377420645854	-159.26335281043302	3.214456741014361	117.165826	39.1052371	2.75
111.46820242252093	-159.31882593910166	3.2355489768477885	117.1658198	39.1052366	2.527777671813965
110.9326303174626	-159.3521098159875	3.2545319890978734	117.1658136	39.1052363	2.6388888359069824
110.43161174564861	-159.41867757054752	3.2692965541812726	117.1658078	39.1052357	2.5833332538604736
109.91331663117978	-159.48524532510748	3.2796509244995007	117.1658018	39.1052351	2.527777671813965
109.37774512755674	-159.5629077055589	3.2850198572571006	117.1657956	39.1052344	2.5
108.85945014899278	-159.64057008601029	3.285403352454072	117.1657896	39.1052337	2.527777671813965
108.34979342868252	-159.7182324664617	3.2825271384767865	117.1657837	39.105233	2.527777671813965
107.84877481142796	-159.7848002210217	3.2792674293025295	117.1657779	39.1052324	2.527777671813965
107.31320311454782	-159.8513679755817	3.2756242249313012	117.1657717	39.1052318	2.527777671813965
106.81218463269776	-159.92903035603308	3.2723645157570442	117.1657659	39.1052311	2.527777671813965
106.27661291711689	-159.9955981105931	3.2654616022115586	117.1657597	39.1052305	2.555555582046509
105.76695584792685	-160.0510712392617	3.2524227655145306	117.1657538	39.10523	2.5833332538604736
105.24866065184145	-160.1176389938217	3.2365077148402173	117.1657478	39.1052294	2.6666667461395264
104.72172673217823	-160.15092287070755	3.219633926173475	117.1657417	39.1052291	2.777777671813965
104.19479280925734	-160.18420674838174	3.202760137506733	117.1657356	39.1052288	2.8611111640930176
103.66785888062361	-160.21749062526757	3.186653339233934	117.1657295	39.1052285	2.8611111640930176
103.13228653328721	-160.23967987705032	3.172272269347506	117.1657233	39.1052283	2.8611111640930176
102.62262869795636	-160.23967987705032	3.159233432650478	117.1657174	39.1052283	2.777777671813965
102.10433273835264	-160.2507745029417	3.151371781112564	117.1657114	39.1052282	2.8333332538604736
101.5773985081302	-160.2618691288331	3.14619459595345	117.1657053	39.1052281	2.8611111640930176
101.04182586513633	-160.2618691288331	3.14351012957465	117.1656991	39.1052281	2.9166667461395264
100.50625322214248	-160.2618691288331	3.1471533339458784	117.1656929	39.1052281	2.9166667461395264
99.97931884829677	-160.2618691288331	3.1563572186731923	117.1656868	39.1052281	2.8888888359069824
99.45238461431214	-160.27296375472451	3.1692043077717345	117.1656807	39.105228	2.9166667461395264
98.91681225121613	-160.29515300571896	3.184544115650591	117.1656745	39.1052278	2.944444417953491
98.41579295946359	-160.31734225750174	3.200267418726419	117.1656687	39.1052276	2.972222328186035
97.87158246122692	-160.35062613438757	3.2182916929840752	117.1656624	39.1052273	3.0
97.3360103644996	-160.39500463795312	3.23593247204476	117.1656562	39.1052269	2.805555582046509
96.80907666714927	-160.45047776662173	3.2535732511054447	117.1656501	39.1052264	2.944444417953491
96.2994195011591	-160.50595089529037	3.2719810205600726	117.1656442	39.1052259	2.8333332538604736
95.76384779244077	-160.58361327574175	3.290580537613186	117.165638	39.1052252	2.8333332538604736
95.26282914898755	-160.66127565619317	3.3080295690753854	117.1656322	39.1052245	2.805555582046509
94.77044889847755	-160.75003266174758	3.3252868529390986	117.1656265	39.1052237	2.777777671813965
94.23487742523368	-160.84988429398175	3.3410101560149266	117.1656203	39.1052228	2.694444417953491
93.71658260985333	-160.96083055131902	3.347913069560412	117.1656143	39.1052218	2.6388888359069824
93.22420258744043	-161.07177680944457	3.3410101560149266	117.1656086	39.1052208	2.6111111640930176
92.71454588042413	-161.17162844089043	3.3254786005375845	117.1656027	39.1052199	2.5833332538604736
92.21352729983751	-161.2603854472332	3.3057285978935567	117.1655969	39.1052191	2.555555582046509
91.67795562893711	-161.34914245357598	3.2855951000525576	117.1655907	39.1052183	2.5833332538604736
91.15966022689864	-161.41571020813598	3.2669955829994444	117.1655847	39.1052177	2.6388888359069824
90.65864122718827	-161.47118333680461	3.2476290755523882	117.1655789	39.1052172	2.722222328186035
90.12306901279098	-161.5155618395818	3.2240441209386463	117.1655727	39.1052168	2.8333332538604736
89.59613506289732	-161.55994034235906	3.201417904317333	117.1655666	39.1052164	2.8611111640930176
89.06920085307894	-161.58212959414183	3.178216444900563	117.1655605	39.1052162	2.805555582046509
88.55090478527826	-161.59322422003322	3.155398480680764	117.1655545	39.1052161	2.944444417953491
88.03260859111916	-161.59322422003322	3.1329640116579363	117.1655485	39.1052161	2.8333332538604736
87.52295054218641	-161.58212959414183	3.1114882806275372	117.1655426	39.1052162	2.8333332538604736
86.9960158325491	-161.55994034235906	3.090204297195624	117.1655365	39.1052164	2.8333332538604736
86.4949958124127	-161.5266564654732	3.073330508528882	117.1655307	39.1052167	2.8888888359069824
85.95942259501558	-161.48227796269597	3.059716429036397	117.1655245	39.1052171	2.8888888359069824
85.43248765291636	-161.43789945913042	3.048595068324226	117.1655184	39.1052175	2.8888888359069824
84.90555271802504	-161.3935209563532	3.0397746787938837	117.1655123	39.1052179	2.8611111640930176
84.36997927938118	-161.32695320179317	3.032488270051427	117.1655061	39.1052185	2.8333332538604736
83.85168250808601	-161.2714800731246	3.02654409449837	117.1655001	39.105219	2.8333332538604736
83.34202389488462	-161.20491231856457	3.0223256473316846	117.1654942	39.1052196	2.805555582046509
82.83236540909763	-161.14943918989596	3.020791666543799	117.1654883	39.1052201	2.8333332538604736
82.31406865924612	-161.09396606043902	3.0190659381574276	117.1654823	39.1052206	2.9166667461395264
81.76985687840572	-161.01630368077593	3.017340209771056	117.165476	39.1052213	3.027777671813965
81.26019841483446	-160.96083055131902	3.0158062289831706	117.1654701	39.1052218	3.1388888359069824
80.73326319216545	-160.88316817086763	3.0138887529983136	117.165464	39.1052225	3.1666667461395264
80.20632820753217	-160.827695042199	3.0136970053998278	117.1654579	39.105223	3.222222328186035
79.67075473461176	-160.75003266174758	3.015997976581656	117.1654517	39.1052237	3.277777671813965
79.11790484659382	-160.6834649071876	3.021366909339256	117.1654453	39.1052243	3.3333332538604736
78.57369323752782	-160.6168971526276	3.0269275896953416	117.165439	39.1052249	3.3611111640930176
78.03812001667478	-160.561424023959	3.033063512846884	117.1654328	39.1052254	3.4166667461395264
77.49390853400187	-160.50595089529037	3.0405416691878266	117.1654265	39.1052259	3.527777671813965
76.96697359776243	-160.45047776662173	3.0489785635211977	117.1654204	39.1052264	3.555555582046509
76.43140039970315	-160.39500463795312	3.05779895305154	117.1654142	39.1052269	3.6111111640930176
75.89582753225177	-160.37281538617037	3.0671945853773397	117.165408	39.1052271	3.6388888359069824
75.36025445401916	-160.32843688339312	3.077165460498596	117.1654018	39.1052275	3.694444417953491
74.80740495087299	-160.29515300571896	3.0873280832183387	117.1653954	39.1052278	3.722222328186035
74.25455545366025	-160.2618691288331	3.097490705938081	117.165389	39.1052281	3.805555582046509
73.68442952746327	-160.23967987705032	3.108612066650252	117.1653824	39.1052283	3.8333332538604736
73.18340975238443	-160.21749062526757	3.11762420377908	117.1653766	39.1052285	3.8333332538604736
72.6823901863712	-160.21749062526757	3.1270198361048793	117.1653708	39.1052285	3.8611111640930176
72.18137051672993	-160.2063960001645	3.134689740044308	117.165365	39.1052286	3.8333332538604736
71.65443614662192	-160.2063960001645	3.140442167998879	117.1653589	39.1052286	3.805555582046509
71.05839562872904	-160.2063960001645	3.145619353157993	117.165352	39.1052286	3.805555582046509
70.50554655261095	-160.21749062526757	3.14753682914285	117.1653456	39.1052285	3.75
69.96133554553369	-160.2063960001645	3.1471533339458784	117.1653393	39.1052286	3.694444417953491
69.40848646785926	-160.21749062526757	3.147345081544364	117.1653329	39.1052285	3.722222328186035
68.864275560033	-160.21749062526757	3.147728576741336	117.1653266	39.1052285	3.75
68.31142638310756	-160.21749062526757	3.14753682914285	117.1653202	39.1052285	3.694444417953491
67.75857730353577	-160.22858525115896	3.14753682914285	117.1653138	39.1052284	3.75
67.23164293070512	-160.22858525115896	3.147728576741336	117.1653077	39.1052284	3.75
66.64424068023249	-160.22858525115896	3.148112071938307	117.1653009	39.1052284	3.75
66.12594457651323	-160.22858525115896	3.1484955671352783	117.1652949	39.1052284	3.75
65.54718059392444	-160.22858525115896	3.149646052726193	117.1652882	39.1052284	3.694444417953491
65.02888458123118	-160.23967987705032	3.150604790718621	117.1652822	39.1052283	3.722222328186035
64.45875886694498	-160.23967987705032	3.1517552763095353	117.1652756	39.1052283	3.722222328186035
63.95773929951019	-160.23967987705032	3.1517552763095353	117.1652698	39.1052283	3.6388888359069824
63.422166568061726	-160.22858525115896	3.15156352871105	117.1652636	39.1052284	3.6111111640930176
62.895232284457705	-160.23967987705032	3.1504130431201354	117.1652575	39.1052283	3.5833332538604736
62.333744838067595	-160.23967987705032	3.149454305127707	117.165251	39.1052283	3.5833332538604736
61.806810553399515	-160.2507745029417	3.1490708099307354	117.1652449	39.1052282	3.555555582046509
61.219408300032676	-160.2507745029417	3.148303819536793	117.1652381	39.1052282	3.6111111640930176
60.683835657798596	-160.2507745029417	3.1479203243398213	117.1652319	39.1052282	3.6111111640930176
60.148263015564524	-160.2507745029417	3.147345081544364	117.1652257	39.1052282	3.6388888359069824
59.61269045912787	-160.2618691288331	3.145811100756479	117.1652195	39.1052281	3.6388888359069824
59.10303262112336	-160.2618691288331	3.145427605559507	117.1652136	39.1052281	3.6666667461395264
58.55018344106073	-160.2618691288331	3.144277119968593	117.1652072	39.1052281	3.722222328186035
58.005972530146266	-160.2618691288331	3.1438936247716214	117.1652009	39.1052281	3.75
57.444485245150865	-160.28405837982757	3.144468867567079	117.1651944	39.1052279	3.777777671813965
56.88299779557452	-160.28405837982757	3.14485236276405	117.1651879	39.1052279	3.777777671813965
56.3215103447706	-160.28405837982757	3.145044110362536	117.1651814	39.1052279	3.805555582046509
55.79457596942983	-160.28405837982757	3.14485236276405	117.1651753	39.1052279	3.805555582046509
55.293556399151946	-160.28405837982757	3.144085372370107	117.1651695	39.1052279	3.805555582046509
54.7320689495756	-160.28405837982757	3.143126634377679	117.165163	39.1052279	3.8333332538604736
54.23104937807014	-160.28405837982757	3.14216789638525	117.1651572	39.1052279	3.8611111640930176
53.6609236605487	-160.28405837982757	3.1414009059913073	117.1651506	39.1052279	3.8611111640930176
53.116712671508274	-160.27296375472451	3.14082566319585	117.1651443	39.105228	3.8888888359069824
52.60705490863957	-160.28405837982757	3.14082566319585	117.1651384	39.1052279	3.9166667461395264
52.0887588012439	-160.28405837982757	3.1400586728019073	117.1651324	39.1052279	3.944444417953491
51.570462693848235	-160.28405837982757	3.1394834300064502	117.1651264	39.1052279	4.0
51.05216651402715	-160.27296375472451	3.1387164396125073	117.1651204	39.105228	3.972222328186035
50.533870406139194	-160.27296375472451	3.136990711226136	117.1651144	39.105228	4.027777671813965
50.00693603154596	-160.27296375472451	3.136990711226136	117.1651083	39.105228	4.0
49.44544858276617	-160.27296375472451	3.136607216029165	117.1651018	39.105228	4.027777671813965
48.90987593901251	-160.27296375472451	3.136031973233708	117.1650956	39.105228	4.05555534362793
48.382941494553	-160.2618691288331	3.136031973233708	117.1650895	39.1052281	4.083333492279053
47.856007120707304	-160.2618691288331	3.135648478036736	117.1650834	39.1052281	4.111111164093018
47.31179620979283	-160.2618691288331	3.1348814876427933	117.1650771	39.1052281	4.083333492279053
46.81077657330058	-160.2507745029417	3.134306244847336	117.1650713	39.1052282	4.166666507720947
46.27520393229408	-160.2507745029417	3.133922749650365	117.1650651	39.1052282	4.111111164093018
45.73963129006001	-160.2507745029417	3.133347506854908	117.1650589	39.1052282	4.138888835906982
45.195420314573305	-160.23967987705032	3.132388768862479	117.1650526	39.1052283	4.166666507720947
44.651209405202934	-160.23967987705032	3.131430030870051	117.1650463	39.1052283	4.19444465637207
44.14155150602285	-160.22858525115896	3.131238283271565	117.1650404	39.1052284	4.19444465637207
43.597340597424534	-160.22858525115896	3.132005273665508	117.1650341	39.1052284	4.222222328186035
43.04449141971481	-160.22858525115896	3.131238283271565	117.1650277	39.1052284	4.222222328186035
42.50028045082324	-160.21749062526757	3.131238283271565	117.1650214	39.1052285	4.222222328186035
41.94743127389782	-160.21749062526757	3.130663040476108	117.165015	39.1052285	4.25
41.4291351121402	-160.2063960001645	3.1316217784685363	117.165009	39.1052286	4.25
40.87628593599908	-160.2063960001645	3.133731002051879	117.1650026	39.1052286	4.25
40.32343670388049	-160.19530137427313	3.1354567304382504	117.1649962	39.1052287	4.277777671813965
39.77058752852366	-160.19530137427313	3.137182458824622	117.1649898	39.1052287	4.277777671813965
39.209100085319776	-160.19530137427313	3.1387164396125073	117.1649833	39.1052287	4.30555534362793
38.64761258728826	-160.18420674838174	3.139099934809479	117.1649768	39.1052288	4.30555534362793
38.08612514365336	-160.18420674838174	3.138908187210993	117.1649703	39.1052288	4.333333492279053
37.559190828323956	-160.19530137427313	3.139099934809479	117.1649642	39.1052287	4.333333492279053
36.99770338512007	-160.19530137427313	3.1387164396125073	117.1649577	39.1052287	4.30555534362793
36.42757767284155	-160.19530137427313	3.138524692014022	117.1649511	39.1052287	4.333333492279053
35.866090229637656	-160.19530137427313	3.138332944415536	117.1649446	39.1052287	4.333333492279053
35.2959644685139	-160.18420674838174	3.137949449218565	117.164938	39.1052288	4.388888835906982
34.794944903405415	-160.18420674838174	3.138524692014022	117.1649322	39.1052288	4.416666507720947
34.2593722657301	-160.18420674838174	3.1400586728019073	117.164926	39.1052288	4.44444465637207
33.749714434014365	-160.18420674838174	3.1414009059913073	117.1649201	39.1052288	4.5
33.24005660107106	-160.18420674838174	3.142934886779193	117.1649142	39.1052288	4.55555534362793
32.72176050029294	-160.18420674838174	3.144277119968593	117.1649082	39.1052288	4.55555534362793
32.20346439951482	-160.18420674838174	3.145811100756479	117.1649022	39.1052288	4.611111164093018
31.598785660306056	-160.19530137427313	3.147728576741336	117.1648952	39.1052287	4.666666507720947
31.028659992046496	-160.2063960001645	3.14887906233225	117.1648886	39.1052286	4.666666507720947
30.501725665209914	-160.21749062526757	3.1498378003246783	117.1648825	39.1052285	4.69444465637207
29.95751475615607	-160.21749062526757	3.1498378003246783	117.1648762	39.1052285	4.75
29.421942157940965	-160.22858525115896	3.150029547923164	117.16487	39.1052284	4.75
28.886369559433845	-160.23967987705032	3.1504130431201354	117.1648638	39.1052283	4.833333492279053
28.38534999077148	-160.23967987705032	3.150604790718621	117.164858	39.1052283	4.80555534362793
27.841139081401117	-160.23967987705032	3.1517552763095353	117.1648517	39.1052283	4.833333492279053
27.28828990290709	-160.23967987705032	3.152138771506507	117.1648453	39.1052283	4.861111164093018
26.74407903147734	-160.2507745029417	3.152714014301964	117.164839	39.1052282	4.861111164093018
26.19122985219901	-160.2507745029417	3.1536727522943924	117.1648326	39.1052282	4.888888835906982
25.681572016145104	-160.2507745029417	3.1536727522943924	117.1648267	39.1052282	4.833333492279053
25.13736114043636	-160.2618691288331	3.151947023908021	117.1648204	39.1052281	4.833333492279053
24.593150264411097	-160.27296375472451	3.1492625575292212	117.1648141	39.105228	4.777777671813965
24.057577620657437	-160.27296375472451	3.146961586347393	117.1648079	39.105228	4.777777671813965
23.522004976903776	-160.27296375472451	3.144085372370107	117.1648017	39.105228	4.833333492279053
22.943240991030716	-160.27296375472451	3.1427431391807072	117.164795	39.105228	4.722222328186035
22.416306648238486	-160.28405837982757	3.1414009059913073	117.1647889	39.1052279	4.722222328186035
21.880734003725035	-160.28405837982757	3.139866925203422	117.1647827	39.1052279	4.69444465637207
21.353799596863013	-160.27296375472451	3.139099934809479	117.1647766	39.105228	4.666666507720947
20.792312148083226	-160.27296375472451	3.1387164396125073	117.1647701	39.105228	4.583333492279053
20.27401604142284	-160.27296375472451	3.139866925203422	117.1647641	39.105228	4.472222328186035
19.7643581746565	-160.2618691288331	3.1414009059913073	117.1647582	39.1052281	4.666666507720947
19.254700337879566	-160.2618691288331	3.142551391582222	117.1647523	39.1052281	4.527777671813965
18.710489425737528	-160.2618691288331	3.143126634377679	117.164746	39.1052281	4.44444465637207
18.140363709833704	-160.2618691288331	3.144277119968593	117.1647394	39.1052281	4.361111164093018
17.570237992702307	-160.2618691288331	3.1452358579610213	117.1647328	39.1052281	4.388888835906982
17.017388813867246	-160.2618691288331	3.145427605559507	117.1647264	39.1052281	4.361111164093018