453.34519589820235	-164.23374515143897	0.07669903939428206	117.1697775	39.1051923	1.2222222089767456
453.8721286092327	-164.20046127376483	0.078041272583682	117.1697836	39.1051926	1.75
454.38178412424384	-164.15608277098758	0.07880826297762482	117.1697895	39.105193	2.1388888359069824
454.88280136252547	-164.11170426821036	0.07880826297762482	117.1697953	39.1051934	2.3611111640930176
455.4183710387633	-164.05623113875342	0.07900001057611052	117.1698015	39.1051939	2.5
455.95394264792503	-164.03404188775895	0.07784952498519629	117.1698077	39.1051941	2.3333332538604736
456.47223706111885	-164.0007580100848	0.07708253459125347	117.1698137	39.1051944	2.555555582046509
456.9732542763592	-163.95637950730756	0.07574030140185353	117.1698195	39.1051948	2.4166667461395264
457.50882457617826	-163.91200100453034	0.0742063206139679	117.1698257	39.1051952	2.3888888359069824
458.0184813512926	-163.88981175274756	0.07209709703062514	117.1698316	39.1051954	2.472222328186035
458.5367731441219	-163.81214937229618	0.07209709703062514	117.1698376	39.1051961	2.527777671813965
459.04642860858434	-163.76777086951893	0.06902913545485385	117.1698435	39.1051965	2.5833332538604736
459.5474464462294	-163.73448699184476	0.0669199118715111	117.1698493	39.1051968	2.527777671813965
460.08301671624486	-163.69010848906757	0.06481068828816834	117.1698555	39.1051972	2.527777671813965
460.6013143562397	-163.71229774085032	0.062126221909368465	117.1698615	39.105197	2.555555582046509
461.119608728331	-163.67901386317615	0.06059224112148283	117.1698675	39.1051973	2.6111111640930176
461.6379017862021	-163.62354073450754	0.058099522341168656	117.1698735	39.1051978	2.75
462.1475572207752	-163.5791622317303	0.050429618401740456	117.1698794	39.1051982	2.8333332538604736
462.68313074733413	-163.59025685683338	0.03700728650774109	117.1698856	39.1051981	2.75
463.21870230397207	-163.5680676058389	0.018791264651599103	117.1698918	39.1051983	2.9166667461395264
463.7456369005841	-163.5680676058389	6.279733850406844	117.1698979	39.1051983	2.722222328186035
464.2725714984236	-163.5680676058389	6.254806662603702	117.169904	39.1051983	2.75
464.799508073204	-163.60135148272477	6.228537241611161	117.1699101	39.105198	2.777777671813965
465.3437218583784	-163.64572998629032	6.2007338398307335	117.1699164	39.1051976	2.8333332538604736
465.8879356485015	-163.69010848906757	6.171588204860906	117.1699227	39.1051972	2.8611111640930176
466.39759767986124	-163.75667624362754	6.144743541072907	117.1699286	39.1051966	2.8888888359069824
466.89862210918267	-163.83433862407895	6.118857615277337	117.1699344	39.1051959	2.9166667461395264
467.391009602634	-163.93419025552478	6.093355184678738	117.1699401	39.105195	2.8888888359069824
467.88339710743116	-164.03404188775895	6.069578482466511	117.1699458	39.1051941	2.8888888359069824
468.3844242284044	-164.15608277098758	6.0502119750194545	117.1699516	39.105193	2.9166667461395264
468.89408963614375	-164.27812365421622	6.0339134291481695	117.1699575	39.1051919	2.944444417953491
469.3778409081989	-164.4112591633362	6.0208745924511415	117.1699631	39.1051907	3.0
469.8961459551752	-164.5554892983476	6.0072605129586565	117.1699691	39.1051894	3.027777671813965
470.4144510212686	-164.699719433359	5.999398861420743	117.1699751	39.1051881	3.0
470.9241185015752	-164.8550441942618	5.997864880632857	117.169981	39.1051867	2.972222328186035
471.41650878456346	-164.9992743284849	6.0007410946101425	117.1699867	39.1051854	3.1111111640930176
471.9088990869406	-165.14350446349627	6.004959541776828	117.1699924	39.1051841	2.972222328186035
472.39265113400705	-165.28773459850768	6.010328474534428	117.169998	39.1051828	3.027777671813965
472.89367907530675	-165.42087010762768	6.018765368867799	117.1700038	39.1051816	3.055555582046509
473.41198425403167	-165.5651002426391	6.029311486784513	117.1700098	39.1051803	3.1111111640930176
473.93028810718886	-165.6871411258677	6.043884304269426	117.1700158	39.1051792	3.1111111640930176
474.4658691989478	-165.8202766349877	6.062292073724054	117.170022	39.105178	3.1388888359069824
475.0014489612177	-165.93122289311327	6.08300081436051	117.1700282	39.105177	3.1666667461395264
475.5283911377597	-166.0532637763419	6.105435283383337	117.1700343	39.1051759	3.1666667461395264
476.0726078547352	-166.14202078268468	6.1284449952016224	117.1700406	39.1051751	3.1666667461395264
476.60818360498433	-166.1863992854619	6.1518382022168785	117.1700468	39.1051747	3.194444417953491
477.1523989908798	-166.2529670400219	6.175614904429105	117.1700531	39.1051741	3.194444417953491
477.6620612839103	-166.31953479458193	6.196515392664048	117.170059	39.1051735	3.222222328186035
478.163083277118	-166.35281867146776	6.217224133300504	117.1700648	39.1051732	3.194444417953491
478.71593492392907	-166.38610254914192	6.236782388346046	117.1700712	39.1051729	3.194444417953491
479.2601469421446	-166.39719717503328	6.250012972641559	117.1700775	39.1051728	3.1666667461395264
479.76116826528727	-166.41938642602778	6.255765400596131	117.1700833	39.1051726	3.1666667461395264
480.30538028607424	-166.43048105191917	6.256532390990073	117.1700896	39.1051725	3.1666667461395264
480.8236774829382	-166.44157567781053	6.255381905399159	117.1700956	39.1051724	3.1388888359069824
481.34197536412967	-166.4637649295933	6.254614915005217	117.1701016	39.1051722	3.1388888359069824
481.886187391475	-166.4748595554847	6.256915886187045	117.1701079	39.1051721	3.1388888359069824
482.43040010353764	-166.49704880647914	6.2588333621719014	117.1701142	39.1051719	3.1388888359069824
482.9746121335156	-166.50814343237053	6.262284818944645	117.1701205	39.1051718	3.1388888359069824
483.51882416626523	-166.51923805826195	6.264585790126473	117.1701268	39.1051717	3.1666667461395264
484.0716744741759	-166.53033268415334	6.266886761308301	117.1701332	39.1051716	3.1666667461395264
484.6158865100259	-166.54142731004472	6.268995984891644	117.1701395	39.1051715	3.1111111640930176
485.1687361327758	-166.54142731004472	6.272063946467416	117.1701459	39.1051715	3.1388888359069824
485.70430989485754	-166.55252193514778	6.27589889843713	117.1701521	39.1051714	3.0833332538604736
486.23124469378473	-166.55252193514778	6.279733850406844	117.1701582	39.1051714	3.055555582046509
486.75817949148427	-166.55252193514778	0.0019174759848570515	117.1701643	39.1051714	3.055555582046509
487.2851142904114	-166.55252193514778	0.011888351106113719	117.1701704	39.1051714	3.027777671813965
487.812049088111	-166.55252193514778	0.026269420992541606	117.1701765	39.1051714	3.0
488.32170595055516	-166.53033268415334	0.04621117123505494	117.1701824	39.1051716	3.0
488.83136281010724	-166.50814343237053	0.06941263065182526	117.1701883	39.1051718	2.944444417953491
489.37557137866924	-166.4637649295933	0.09932525601559526	117.1701946	39.1051722	2.8888888359069824
489.9111402763058	-166.39719717503328	0.1347985617354507	117.1702008	39.1051728	2.8333332538604736
490.42079364276134	-166.31953479458193	0.16950487706136336	117.1702067	39.1051735	2.8333332538604736
490.9218080293486	-166.23077778823915	0.20651216356910443	117.1702125	39.1051743	2.777777671813965
491.4314585862403	-166.1087369050105	0.24371119767533125	117.1702184	39.1051754	2.777777671813965
491.95838498025023	-165.9756013958905	0.28052673658458666	117.1702245	39.1051766	2.8611111640930176
492.4766702863938	-165.79808738399325	0.3161917899029278	117.1702305	39.1051782	2.8888888359069824
492.98631799331713	-165.63166799719906	0.3464879104636692	117.1702364	39.1051797	2.9166667461395264
493.4786891312131	-165.46524861119323	0.37199034106226797	117.1702421	39.1051812	2.9166667461395264
493.9537815977104	-165.26554534751324	0.39020636291841	117.1702476	39.105183	2.972222328186035
494.43751231439734	-165.06584208304488	0.40343694721392365	117.1702532	39.1051848	3.0
494.9039664579106	-164.86613881936486	0.4124490843427518	117.1702586	39.1051866	3.027777671813965
495.3876964228435	-164.6553409305818	0.4160922887139802	117.1702642	39.1051885	2.972222328186035
495.8714284708789	-164.47782691789624	0.4128325795397232	117.1702698	39.1051901	3.0
496.3378804315341	-164.24483977733036	0.40439568520635216	117.1702752	39.1051922	3.0
496.81297204606847	-164.03404188775895	0.39404131488812405	117.1702807	39.1051941	2.972222328186035
497.34853083486036	-163.81214937229618	0.38119422578958184	117.1702869	39.1051961	3.0
497.8236245145827	-163.63463536039893	0.3658544179107254	117.1702924	39.1051977	3.0
498.32463228259144	-163.4460267226103	0.347254900857612	117.1702982	39.1051994	3.0
498.8170017527487	-163.25741808403333	0.3288471314029843	117.1703039	39.1052011	3.027777671813965
499.31801088935106	-163.09099869802748	0.31043936194835664	117.1703097	39.1052026	3.027777671813965
499.870848921884	-162.91348468534196	0.28781314532704344	117.1703161	39.1052042	3.027777671813965
500.38049770442467	-162.76925455111885	0.26518692870573024	117.170322	39.1052055	3.027777671813965
500.9419760938066	-162.62502441610746	0.23700003172833156	117.1703285	39.1052068	3.027777671813965
501.4602652423608	-162.5140781579819	0.2084296395539615	117.1703345	39.1052078	3.0
501.95264098831865	-162.42532115242744	0.18062623777353426	117.1703402	39.1052086	3.027777671813965
502.4450167231001	-162.33656414608467	0.15224759319764988	117.1703459	39.1052094	3.0
502.9633086853373	-162.26999639152467	0.1231019582278227	117.1703519	39.10521	2.972222328186035
503.48160135301725	-162.21452326285603	0.09644904203830969	117.1703579	39.1052105	2.972222328186035
503.99125645831754	-162.17014475929048	0.0745898158109393	117.1703638	39.1052109	2.944444417953491
504.50091370374315	-162.15905013418742	0.05541505596236879	117.1703697	39.105211	2.9166667461395264
505.00193339536935	-162.15905013418742	0.038924762492598144	117.1703755	39.105211	2.8888888359069824
505.51158992149186	-162.13686088240465	0.02531068300011308	117.1703814	39.1052112	2.8611111640930176
506.04716125707876	-162.11467163062187	0.018407769454627694	117.1703876	39.1052114	2.8333332538604736
506.5913722969251	-162.11467163062187	0.01821602185614199	117.1703939	39.1052114	2.8333332538604736
507.13558189909907	-162.0924823796274	0.018407769454627694	117.1704002	39.1052116	2.8333332538604736
507.63660086507224	-162.08138775373604	0.0185995170531134	117.170406	39.1052117	2.8888888359069824
508.1548963706877	-162.07029312784465	0.01821602185614199	117.170412	39.1052118	3.0
508.70774351355044	-162.03700925017048	0.0185995170531134	117.1704184	39.1052121	3.194444417953491
509.2260390147052	-162.02591462506743	0.01687378866674205	117.1704244	39.1052122	3.277777671813965
509.8134414001758	-162.02591462506743	0.016106798272799233	117.1704312	39.1052122	3.3888888359069824
510.3576517110523	-162.014819999176	0.01591505067431353	117.1704375	39.1052123	3.444444417953491
510.87594793315225	-162.014819999176	0.01591505067431353	117.1704435	39.1052123	3.5
511.4115185196448	-161.98153612150185	0.014956312681885001	117.1704497	39.1052126	3.5833332538604736
511.91253819867114	-161.98153612150185	0.014764565083399296	117.1704555	39.1052126	3.6388888359069824
512.4308322376786	-161.94825224461601	0.014189322287942181	117.1704615	39.1052129	3.722222328186035
512.9491277276692	-161.93715761872465	0.013614079492485066	117.1704675	39.105213	3.75
513.4760622143932	-161.93715761872465	0.013614079492485066	117.1704736	39.105213	3.777777671813965
514.0029959731521	-161.92606299283327	0.01265534150005654	117.1704797	39.1052131	3.805555582046509
514.5385687301149	-161.92606299283327	0.011888351106113719	117.1704859	39.1052131	3.8333332538604736
515.065505408191	-161.9593468705074	0.010546117916713784	117.170492	39.1052128	3.8333332538604736
515.6010774359735	-161.94825224461601	0.009779127522770962	117.1704982	39.1052129	3.8611111640930176
516.1366501944558	-161.94825224461601	0.009012137128828143	117.1705044	39.1052129	3.8888888359069824
516.6722229529381	-161.94825224461601	0.008628641931856732	117.1705106	39.1052129	3.8888888359069824
517.2164339812039	-161.94825224461601	0.008053399136399617	117.1705169	39.1052129	3.8888888359069824
517.7606442761737	-161.93715761872465	0.004218447166685513	117.1705232	39.105213	3.8888888359069824
518.2962170338963	-161.93715761872465	6.279350355209872	117.1705294	39.105213	3.8611111640930176
518.8317905264342	-161.94825224461601	6.267078508906787	117.1705356	39.1052129	3.6666667461395264
519.3587257519239	-161.9593468705074	6.251546953429445	117.1705417	39.1052128	3.8888888359069824
519.8770227078729	-161.9704414956105	6.234864912361188	117.1705477	39.1052127	3.722222328186035
520.3953211418149	-162.00372537328462	6.216840638103532	117.1705537	39.1052124	3.75
520.965449942209	-162.04810387606187	6.195556654671619	117.1705603	39.105212	3.694444417953491
521.4664733244031	-162.10357700473048	6.176190147224562	117.1705661	39.1052115	3.6111111640930176
521.9674967137049	-162.15905013418742	6.154522668595678	117.1705719	39.105211	3.5833332538604736
522.5117129454833	-162.2367125138505	6.129787228391022	117.1705782	39.1052103	3.527777671813965
523.0559299313335	-162.32546952019328	6.105051788186366	117.1705845	39.1052095	3.5
523.582871129268	-162.42532115242744	6.079932852784739	117.1705906	39.1052086	3.5
524.1011755572741	-162.54736203565608	6.056539645769483	117.1705966	39.1052075	3.444444417953491
524.5935637000555	-162.6472136671019	6.034296924345141	117.1706023	39.1052066	3.3333332538604736
525.077315818226	-162.78034917622193	6.013012940913228	117.1706079	39.1052054	3.305555582046509
525.5697069705451	-162.92457931123334	5.990386724291914	117.1706136	39.1052041	3.305555582046509
526.0620988873254	-163.0799040721361	5.97006147885243	117.1706193	39.1052027	3.305555582046509
526.5372150270005	-163.24632345814197	5.954913418572059	117.1706248	39.1052012	3.277777671813965
527.0641615667054	-163.42383747082752	5.94551778624626	117.1706309	39.1051996	3.194444417953491
527.5738315846573	-163.60135148272477	5.941107591481089	117.1706368	39.105198	3.194444417953491
528.0662250821352	-163.77886549541034	5.938998367897746	117.1706425	39.1051964	3.1388888359069824
528.5499803287362	-163.95637950730756	5.939381863094717	117.1706481	39.1051948	3.0833332538604736
529.0596504163448	-164.1338935192048	5.944367300655345	117.170654	39.1051932	3.1111111640930176
529.5606822534689	-164.31140753189038	5.952995942587202	117.1706598	39.1051916	3.0833332538604736
530.0530750887862	-164.47782691789624	5.965076041291802	117.1706655	39.1051901	3.055555582046509
530.5627437391241	-164.633151678799	5.981374587163086	117.1706714	39.1051887	3.055555582046509
531.0637741355586	-164.7884764397018	6.0040008037843995	117.1706772	39.1051873	3.055555582046509
531.5820803451754	-164.93270657392486	6.031420710367855	117.1706832	39.105186	3.0833332538604736
532.1003858190437	-165.06584208304488	6.061525083330111	117.1706892	39.1051848	3.1111111640930176
532.6359655916575	-165.16569371527905	6.091245961095395	117.1706954	39.1051839	3.1388888359069824
533.1715461343327	-165.2766399726163	6.119624605671279	117.1707016	39.1051829	3.1666667461395264
533.7071244207683	-165.35430235306768	6.145702279065335	117.1707078	39.1051822	3.1666667461395264
534.2081481051489	-165.4097754817363	6.16736975769422	117.1707136	39.1051817	3.222222328186035
534.7610029596086	-165.48743786218768	6.187119760338248	117.17072	39.105181	3.222222328186035
535.2620259006429	-165.53181636575323	6.199775101838305	117.1707258	39.1051806	3.222222328186035
535.7716871223816	-165.57619486853048	6.208978986565619	117.1707317	39.1051802	3.25
536.2727093140525	-165.6094787454163	6.215306657315646	117.1707375	39.1051799	3.277777671813965
536.7823697850798	-165.64276262309048	6.219333356883847	117.1707434	39.1051796	3.277777671813965
537.2920310214483	-165.6871411258677	6.222017823262647	117.1707493	39.1051792	3.305555582046509
537.8362446001299	-165.72042500354186	6.225469280035389	117.1707556	39.1051789	3.277777671813965
538.3718199070017	-165.75370888042772	6.227578503618732	117.1707618	39.1051786	3.277777671813965
538.8901179058877	-165.77589813221047	6.22987947480056	117.1707678	39.1051784	3.277777671813965
539.3997776336789	-165.79808738399325	6.232180445982388	117.1707737	39.1051782	3.277777671813965
539.9007990890746	-165.8202766349877	6.2344814171642176	117.1707795	39.105178	3.25
540.4104595892801	-165.8535605126619	6.237549378739988	117.1707854	39.1051777	3.222222328186035
540.9546724241598	-165.87574976365633	6.242151321103646	117.1707917	39.1051775	3.1388888359069824
541.5075235375011	-165.8979390154391	6.2457945254748735	117.1707981	39.1051773	3.1388888359069824
542.043098873382	-165.93122289311327	6.25135520583096	117.1708043	39.105177	3.1388888359069824
542.5700343989379	-165.94231751900466	6.2555736529976445	117.1708104	39.1051769	3.055555582046509
543.1056082014235	-165.95341214410774	6.2594086049673585	117.1708166	39.1051768	3.0833332538604736
543.6325429599835	-165.95341214410774	6.265736275717387	117.1708227	39.1051768	2.972222328186035
544.1594777173161	-165.95341214410774	6.268037246899215	117.1708288	39.1051768	3.055555582046509
544.6777749731498	-165.9645067699991	6.273022684459844	117.1708348	39.1051767	3.0
545.1960722304542	-165.9756013958905	6.27589889843713	117.1708408	39.1051766	3.0
545.7143687162776	-165.9756013958905	6.279158607611387	117.1708468	39.1051766	2.972222328186035
546.2240277003161	-165.98669602178188	6.282801811982615	117.1708527	39.1051765	2.972222328186035
546.7423241856472	-165.98669602178188	0.0030679615757712823	117.1708587	39.1051765	2.944444417953491
547.2606198946057	-165.9756013958905	0.00671116594699968	117.1708647	39.1051766	2.972222328186035
547.7789156020937	-165.9645067699991	0.009970875121256668	117.1708707	39.1051767	3.055555582046509
548.2799363153339	-165.9756013958905	0.01342233189399936	117.1708765	39.1051766	3.055555582046509
548.7982312428218	-165.95341214410774	0.016682041068256347	117.1708825	39.1051768	3.1111111640930176
549.3424425497965	-165.95341214410774	0.02013349784099904	117.1708888	39.1051768	3.0833332538604736
549.8952913520957	-165.94231751900466	0.023584954613741733	117.1708952	39.1051769	3.1388888359069824
550.4481401515987	-165.93122289311327	0.028186896977398658	117.1709016	39.105177	3.1666667461395264
550.9923498949234	-165.9090336413305	0.036623791310769684	117.1709079	39.1051772	3.1666667461395264
551.5365596339324	-165.88684438954772	0.05100486119719757	117.1709142	39.1051774	3.1111111640930176
552.0721303125455	-165.8535605126619	0.07056311624273949	117.1709204	39.1051777	3.1111111640930176
552.6077002026415	-165.8091820090963	0.09472331365193834	117.1709266	39.1051781	3.1111111640930176
553.1087162035393	-165.75370888042772	0.12080098704599425	117.1709324	39.1051786	3.0833332538604736
553.618370472482	-165.69823575175909	0.14898788402339289	117.1709383	39.1051791	3.1111111640930176
554.1366606496763	-165.6094787454163	0.17947575218262002	117.1709443	39.1051799	3.0833332538604736
554.6635883019605	-165.50962711397045	0.21053886313730424	117.1709504	39.1051808	3.1111111640930176
555.1905143667715	-165.38758623074185	0.24083498369804565	117.1709565	39.1051819	3.1111111640930176
555.7088013521033	-165.25445072162185	0.26940537587241575	117.1709625	39.1051831	3.1111111640930176
556.2270875306949	-165.11022058661044	0.29701703005435726	117.1709685	39.1051844	3.1388888359069824
556.7453713206837	-164.93270657392486	0.3230947034484132	117.1709745	39.105186	3.1388888359069824
557.2550176048106	-164.76628718791903	0.3470631532591263	117.1709804	39.1051875	3.1388888359069824
557.7646622834698	-164.5776785501304	0.368730631888011	117.1709863	39.1051892	3.1388888359069824
558.2743061467754	-164.37797528645038	0.38637141094869587	117.1709922	39.105191	3.1388888359069824
558.7493960999384	-164.16717739687894	0.398643257251781	117.1709977	39.1051929	3.1388888359069824
559.2244860274886	-163.95637950730756	0.40708015158515204	117.1710032	39.1051948	3.1666667461395264
559.7082149952265	-163.75667624362754	0.4095728703654662	117.1710088	39.1051966	3.1388888359069824
560.183305666698	-163.55697297994752	0.40708015158515204	117.1710143	39.1051984	3.1666667461395264
560.6583963139045	-163.35726971626752	0.39979374284269525	117.1710198	39.1052002	3.1388888359069824
561.1334869368463	-163.1575664525875	0.39231558650175274	117.1710253	39.105202	3.1388888359069824
561.6172158076492	-162.95786318890748	0.3810024781910961	117.1710309	39.1052038	3.1666667461395264
562.1009446525185	-162.75815992522746	0.3648956799182969	117.1710365	39.1052056	3.1388888359069824
562.593313340617	-162.5806459125419	0.34476218207729786	117.1710422	39.1052072	3.1388888359069824
563.0770437348493	-162.40313190064467	0.32156072266052754	117.1710478	39.1052088	3.1388888359069824
563.5780522475723	-162.2478071397419	0.2949078064710145	117.1710536	39.1052102	3.1388888359069824
564.0704232706715	-162.10357700473048	0.2648034335087588	117.1710593	39.1052115	3.1388888359069824
564.5887098871793	-161.9704414956105	0.22990537058436047	117.1710653	39.1052127	3.1111111640930176
565.1156355586323	-161.84840061238185	0.1934733268720765	117.1710714	39.1052138	3.0833332538604736
565.6425636197657	-161.7596436068274	0.15838351634919245	117.1710775	39.1052146	3.055555582046509
566.1694924733646	-161.681981226376	0.12789564818996532	117.1710836	39.1052153	3.055555582046509
566.7050611938188	-161.62650809691905	0.10105098440196661	117.1710898	39.1052158	3.027777671813965
567.2233541714079	-161.58212959414183	0.07976700097005335	117.1710958	39.1052162	3.0
567.741647948544	-161.548845717256	0.06615292147756828	117.1711018	39.1052165	2.944444417953491
568.259940915104	-161.50446721369045	0.06001699832602571	117.1711078	39.1052169	2.944444417953491
568.7695972203127	-161.48227796269597	0.05694903675025443	117.1711137	39.1052171	2.944444417953491
569.2792535214015	-161.46008871091323	0.053114084780540326	117.1711196	39.1052173	2.944444417953491
569.7975480900454	-161.43789945913042	0.04966262800779763	117.1711256	39.1052175	2.972222328186035
570.3072043865532	-161.41571020813598	0.04410194765171219	117.1711315	39.1052177	3.027777671813965
570.8427762987368	-161.4046155822446	0.03911651009108385	117.1711377	39.1052178	3.055555582046509
571.3524317783304	-161.37133170457042	0.03432282012894122	117.1711436	39.1052181	3.055555582046509
571.8534497969667	-161.34914245357598	0.02933738256831289	117.1711494	39.1052183	3.0833332538604736
572.3976591594727	-161.32695320179317	0.024351945007684554	117.1711557	39.1052185	3.0833332538604736
572.9332310626123	-161.3158585759018	0.01898301225008481	117.1711619	39.1052186	3.1111111640930176
573.477441233305	-161.30476395001043	0.013230584295513655	117.1711682	39.1052187	3.1111111640930176
574.0216522180194	-161.30476395001043	0.004218447166685513	117.1711745	39.1052187	3.1111111640930176
574.5572257463045	-161.3158585759018	6.279925598005329	117.1711807	39.1052186	3.1111111640930176
575.0927992773367	-161.32695320179317	6.276474141232587	117.1711869	39.1052185	3.0833332538604736
575.6283719932707	-161.32695320179317	6.274173170050758	117.1711931	39.1052185	3.0833332538604736
576.1639455265823	-161.3380478276846	6.272639189262873	117.1711993	39.1052184	3.055555582046509
576.6995190614135	-161.34914245357598	6.271296956073472	117.1712055	39.1052183	3.055555582046509
577.2091777891352	-161.36023707867906	6.271105208474987	117.1712114	39.1052182	3.055555582046509
577.718835697492	-161.36023707867906	6.2724474416643865	117.1712173	39.1052182	3.0833332538604736
578.2198561582366	-161.37133170457042	6.271680451270444	117.1712231	39.1052181	3.055555582046509
578.7295140673165	-161.37133170457042	6.269762975285587	117.171229	39.1052181	3.0833332538604736
579.2650876080667	-161.3824263304618	6.26516103292193	117.1712352	39.105218	3.0833332538604736
579.7920228811658	-161.3935209563532	6.262860061740102	117.1712413	39.1052179	3.055555582046509
580.3189573312604	-161.3935209563532	6.264010547331016	117.1712474	39.1052179	3.055555582046509
580.8286160670091	-161.4046155822446	6.2659280233158725	117.1712533	39.1052178	3.055555582046509
581.3296373584868	-161.42680483323903	6.267653751702244	117.1712591	39.1052176	3.027777671813965
581.8306578273912	-161.43789945913042	6.268612489694672	117.1712649	39.1052175	3.055555582046509
582.3316774715895	-161.43789945913042	6.26650326611133	117.1712707	39.1052175	3.0833332538604736
582.8758892924682	-161.44899408502184	6.256724138588559	117.171277	39.1052174	3.0833332538604736
583.4201019413349	-161.47118333680461	6.2392751071263595	117.1712833	39.1052172	3.0833332538604736
583.9556763240088	-161.49337258779906	6.217224133300504	117.1712895	39.105217	3.1111111640930176
584.4998906374341	-161.5377510913646	6.192105197898877	117.1712958	39.1052166	3.0833332538604736
585.0354683475833	-161.6043188459246	6.162576067732077	117.171302	39.105216	3.055555582046509
585.5710452361269	-161.65979197459322	6.130937713981936	117.1713082	39.1052155	3.055555582046509
586.0979871886243	-161.7596436068274	6.098532369837852	117.1713143	39.1052146	3.027777671813965
586.6162917158701	-161.87058986416463	6.0665105208907395	117.1713203	39.1052136	3.027777671813965
587.1259579867739	-161.98153612150185	6.034105176746655	117.1713262	39.1052126	3.027777671813965
587.6356267743208	-162.1257662565133	6.003233813390457	117.1713321	39.1052113	3.027777671813965
588.145296415041	-162.28109101741603	5.973512935625172	117.171338	39.1052099	3.027777671813965
588.6463286395409	-162.44751040342192	5.947051767034145	117.1713438	39.1052084	3.027777671813965
589.1387234506292	-162.62502441610746	5.926151278799203	117.1713495	39.1052068	3.0
589.6224808485853	-162.8136330538961	5.913687684897632	117.1713551	39.1052051	2.972222328186035
590.1062374327174	-162.9911470657933	5.911003218518832	117.1713607	39.1052035	2.972222328186035
590.5813557676781	-163.1686610784789	5.916755646473404	117.1713662	39.1052019	2.9166667461395264
591.0564741242067	-163.34617509037614	5.927110016791632	117.1713717	39.1052003	2.9166667461395264
591.5661455908522	-163.52368910227338	5.941107591481089	117.1713776	39.1051987	2.8611111640930176
592.0844553523536	-163.70120311495893	5.957406137352373	117.1713836	39.1051971	2.8888888359069824
592.6114025698168	-163.86762250096479	5.978306625587315	117.1713897	39.1051956	2.8888888359069824
593.0951601283799	-164.05623113875342	6.002466822996514	117.1713953	39.1051939	2.9166667461395264
593.578913499862	-164.18936664787344	6.027969253595113	117.1714009	39.1051927	2.944444417953491
594.0799417494941	-164.300312905999	6.054046926989169	117.1714067	39.1051917	2.944444417953491
594.5809700121139	-164.4112591633362	6.082233823966567	117.1714125	39.1051907	2.972222328186035
595.1165513819099	-164.52220542146176	6.11157120653488	117.1714187	39.1051897	3.0
595.6089397107766	-164.61096242701623	6.138224122724393	117.1714244	39.1051889	3.027777671813965
596.1099646322955	-164.67753018157626	6.163918300921478	117.1714302	39.1051883	3.055555582046509
596.6541800827112	-164.73300331024484	6.1915299551034195	117.1714365	39.1051878	3.0833332538604736
597.1638407536009	-164.76628718791903	6.213580928929275	117.1714424	39.1051875	3.1111111640930176
597.6735014276013	-164.79957106480487	6.230838212792989	117.1714483	39.1051872	3.1111111640930176
598.1918012287636	-164.8439495683704	6.244644039883959	117.1714543	39.1051868	3.1111111640930176
598.7014610640779	-164.86613881936486	6.256724138588559	117.1714602	39.1051866	3.1388888359069824
599.2197566250605	-164.8550441942618	6.268612489694672	117.1714662	39.1051867	3.1388888359069824
599.7294164640147	-164.87723344525625	6.276857636429558	117.1714721	39.1051865	3.1388888359069824
600.2563502972806	-164.86613881936486	6.278199869618958	117.1714782	39.1051866	3.1388888359069824
600.7746467083482	-164.86613881936486	6.277049384028044	117.1714842	39.1051866	3.1388888359069824
601.2929439724418	-164.87723344525625	6.275515403240158	117.1714902	39.1051865	3.1388888359069824
601.8026021112261	-164.87723344525625	6.275323655641673	117.1714961	39.1051865	3.1111111640930176
602.3122611044826	-164.88832807114764	6.2757071508386435	117.171502	39.1051864	3.1388888359069824
602.8219183875672	-164.87723344525625	6.276282393634101	117.1715079	39.1051865	3.0833332538604736
603.3661296208808	-164.87723344525625	6.27589889843713	117.1715142	39.1051865	3.1111111640930176
603.9103417097061	-164.88832807114764	6.274364917649244	117.1715205	39.1051864	3.1111111640930176
604.4545538000755	-164.89942269703903	6.273406179656815	117.1715268	39.1051863	3.1388888359069824
604.9555736672628	-164.89942269703903	6.272639189262873	117.1715326	39.1051863	3.1388888359069824
605.4997857598871	-164.91051732293042	6.271488703671959	117.1715389	39.1051862	3.1666667461395264
606.0008064862623	-164.9216119488218	6.27052996567953	117.1715447	39.1051861	3.194444417953491
606.501825493228	-164.91051732293042	6.269954722884073	117.1715505	39.1051862	3.194444417953491
607.0028470833788	-164.93270657392486	6.268612489694672	117.1715563	39.105186	3.222222328186035
607.5038678133079	-164.94380119981625	6.267462004103758	117.1715621	39.1051859	3.222222328186035
608.0048876821108	-164.94380119981625	6.266886761308301	117.1715679	39.1051859	3.222222328186035
608.5145466885042	-164.95489582570767	6.265736275717387	117.1715738	39.1051858	3.222222328186035
609.0155674219994	-164.96599045159905	6.264969285323445	117.1715796	39.1051857	3.222222328186035
609.5165881569163	-164.97708507749041	6.264202294929501	117.1715854	39.1051856	3.194444417953491
610.0176088932546	-164.9881797033818	6.263627052134044	117.1715912	39.1051855	3.194444417953491
610.5186296322421	-164.9992743284849	6.2659280233158725	117.171597	39.1051854	3.194444417953491
611.0628417397069	-165.01036895437625	6.272063946467416	117.1716033	39.1051853	3.1388888359069824
611.6070529810574	-165.01036895437625	0.0	117.1716096	39.1051853	3.1388888359069824
612.1512642236357	-165.01036895437625	0.013614079492485066	117.1716159	39.1051853	3.1111111640930176
612.6868363214033	-164.9992743284849	0.029912625363770002	117.1716221	39.1051854	3.0833332538604736
613.2224075489293	-164.97708507749041	0.04736165682596917	117.1716283	39.1051856	3.1111111640930176
613.7579779027061	-164.94380119981625	0.06634466907605398	117.1716345	39.1051859	3.0833332538604736
614.2849099788691	-164.91051732293042	0.0859029241215959	117.1716406	39.1051862	3.1111111640930176
614.8204794513484	-164.86613881936486	0.10718690755350918	117.1716468	39.1051866	3.1111111640930176
615.3214949505374	-164.81066569069625	0.12808739578845105	117.1716526	39.1051871	3.0833332538604736
615.8225078217033	-164.72190868514178	0.14898788402339289	117.1716584	39.1051879	3.1111111640930176
616.3580755237442	-164.6553409305818	0.17046361505379187	117.1716646	39.1051885	3.1111111640930176
616.8850005682384	-164.53330004656482	0.19213109368267656	117.1716707	39.1051896	3.1111111640930176
617.4119264709524	-164.4223537892276	0.21053886313730424	117.1716768	39.1051906	3.1388888359069824
617.9474906323366	-164.31140753189038	0.22434469022827502	117.171683	39.1051916	3.1111111640930176
618.4657764779781	-164.17827202277036	0.23239808936467463	117.171689	39.1051928	3.1388888359069824
619.0013397295473	-164.05623113875342	0.2346990605465031	117.1716952	39.1051939	3.1388888359069824
619.5282646911966	-163.93419025552478	0.23182284656921753	117.1717013	39.105195	3.1388888359069824
620.0206383069925	-163.83433862407895	0.22511168062221784	117.171707	39.1051959	3.194444417953491
620.538924966052	-163.71229774085032	0.21494905790247548	117.171713	39.105197	3.222222328186035
621.0572124900001	-163.60135148272477	0.20440293998576167	117.171719	39.105198	3.222222328186035
621.5668626095437	-163.50149985127894	0.1936650744705622	117.1717249	39.1051989	3.25
622.0765135985837	-163.41274284493613	0.18120148056899135	117.1717308	39.1051997	3.305555582046509
622.5861628083594	-163.30179658759891	0.16566992509164924	117.1717367	39.1052007	3.3333332538604736
623.1130920843678	-163.2352288330389	0.14726215563702155	117.1717428	39.1052013	3.3611111640930176
623.631381309613	-163.14647182669611	0.12808739578845105	117.1717488	39.1052021	3.3611111640930176
624.1583105650313	-163.0799040721361	0.10852914074290912	117.1717549	39.1052027	3.4166667461395264
624.6938798561151	-163.0355255693589	0.08801214770493866	117.1717611	39.1052031	3.4166667461395264
625.2380874120558	-162.9911470657933	0.06787864986393963	117.1717674	39.1052035	3.444444417953491
625.7736566909338	-162.9467685630161	0.04870389001536911	117.1717736	39.1052039	3.472222328186035
626.317866901383	-162.9356739371247	0.0335558297349984	117.1717799	39.105204	3.472222328186035
626.8707153799224	-162.92457931123334	0.02454369260617026	117.1717863	39.1052041	3.5
627.3976499344049	-162.92457931123334	0.021475731030398976	117.1717924	39.1052041	3.527777671813965
627.9245818152366	-162.89129543434746	0.022242721424341798	117.1717985	39.1052044	3.527777671813965
628.4515154759213	-162.8802008084561	0.022050973825856093	117.1718046	39.1052045	3.5833332538604736
628.9784482415805	-162.85801155667332	0.021475731030398976	117.1718107	39.1052047	3.6111111640930176
629.488105355748	-162.84691693078193	0.020325245439484746	117.1718166	39.1052048	3.6666667461395264
630.0064016329941	-162.84691693078193	0.018024274257656285	117.1718226	39.1052048	3.694444417953491
630.5246979102401	-162.84691693078193	0.01591505067431353	117.1718286	39.1052048	3.777777671813965
631.1207386293801	-162.84691693078193	0.013614079492485066	117.1718355	39.1052048	3.805555582046509
631.6563105533038	-162.83582230567887	0.011504855909142308	117.1718417	39.1052049	3.8333332538604736
632.1918833725697	-162.83582230567887	0.009395632325799552	117.1718479	39.1052049	3.8611111640930176
632.7447327345903	-162.83582230567887	0.007286408742456795	117.1718543	39.1052049	3.944444417953491
633.2975811969535	-162.8247276797875	0.005368932757599744	117.1718607	39.105205	3.972222328186035
633.8590688289413	-162.8247276797875	0.0030679615757712823	117.1718672	39.105205	4.027777671813965
634.4205564621568	-162.8247276797875	0.0017257283863713463	117.1718737	39.105205	4.083333492279053
634.9215761952019	-162.8247276797875	0.0003834951969714103	117.1718795	39.105205	4.083333492279053
635.457148112214	-162.8136330538961	6.282418316785644	117.1718857	39.1052051	4.138888835906982
636.0013601029652	-162.8247276797875	6.280692588399272	117.171892	39.105205	4.19444465637207
636.5110172050005	-162.8136330538961	6.2789668600129005	117.1718979	39.1052051	4.19444465637207
637.0206761117859	-162.8247276797875	6.277816374421986	117.1719038	39.105205	4.222222328186035
637.5389723875613	-162.8247276797875	6.277049384028044	117.1719098	39.105205	4.25
638.0572677581545	-162.8136330538961	6.276665888831072	117.1719158	39.1052051	4.277777671813965
638.6187553905733	-162.8136330538961	6.276857636429558	117.1719223	39.1052051	4.277777671813965
639.1802430217647	-162.8136330538961	6.276857636429558	117.1719288	39.1052051	4.277777671813965
639.6985392968049	-162.8136330538961	6.277624626823501	117.1719348	39.1052051	4.30555534362793
640.2600260196887	-162.80253842800468	6.278008122020472	117.1719413	39.1052052	4.30555534362793
640.8215136500834	-162.80253842800468	6.27858336481593	117.1719478	39.1052052	4.277777671813965
641.3398090145491	-162.7914438021133	6.279350355209872	117.1719538	39.1052053	4.30555534362793
641.8581043775442	-162.78034917622193	6.279925598005329	117.1719598	39.1052054	4.277777671813965
642.3764006503786	-162.78034917622193	6.280500840800786	117.1719658	39.1052054	4.25
642.8860586525107	-162.78034917622193	6.281076083596243	117.1719717	39.1052054	4.25
643.3957166546426	-162.78034917622193	6.281076083596243	117.1719776	39.1052054	4.222222328186035
643.983119096779	-162.78034917622193	6.281459578793215	117.1719844	39.1052054	4.19444465637207
644.492777098911	-162.78034917622193	6.2816513263917	117.1719903	39.1052054	4.222222328186035
645.0024350998153	-162.78034917622193	6.281843073990187	117.1719962	39.1052054	4.166666507720947
645.5898412066538	-162.8247276797875	6.282610064384129	117.172003	39.105205	4.05555534362793
646.1599689427477	-162.84691693078193	6.282993559581101	117.1720096	39.1052048	4.19444465637207
646.7214584112764	-162.8691061825647	0.0	117.1720161	39.1052046	4.083333492279053
647.2829451294077	-162.85801155667332	0.0	117.1720226	39.1052047	3.944444417953491
647.8271562209811	-162.85801155667332	0.0	117.1720289	39.1052047	3.9166667461395264
648.3713673125548	-162.85801155667332	0.0009587379924285257	117.1720352	39.1052047	3.972222328186035
648.9155784053559	-162.85801155667332	0.002492718780314167	117.1720415	39.1052047	3.9166667461395264
649.4511503035673	-162.84691693078193	0.004026699568199808	117.1720477	39.1052048	3.8611111640930176
649.9780848528169	-162.84691693078193	0.005368932757599744	117.1720538	39.1052048	3.8611111640930176
650.4963802072338	-162.83582230567887	0.006519418348513975	117.1720598	39.1052049	3.805555582046509
651.0146764837446	-162.83582230567887	0.00786165153791391	117.1720658	39.1052049	3.722222328186035
651.584801464147	-162.8247276797875	0.008628641931856732	117.1720724	39.105205	3.6666667461395264
652.0944594679435	-162.8247276797875	0.009395632325799552	117.1720783	39.105205	3.6388888359069824
652.621394015698	-162.8247276797875	0.010354370318228077	117.1720844	39.105205	3.6388888359069824
653.1483276356336	-162.8136330538961	0.011121360712170899	117.1720905	39.1052051	3.6111111640930176
653.6579847126202	-162.80253842800468	0.01227184630308513	117.1720964	39.1052052	3.527777671813965
654.1590044442436	-162.80253842800468	0.01342233189399936	117.1721022	39.1052052	3.3888888359069824
654.6686615190735	-162.7914438021133	0.015148060280370707	117.1721081	39.1052053	3.3333332538604736
655.195595133862	-162.78034917622193	0.016106798272799233	117.1721142	39.1052054	3.1388888359069824
655.6966148652915	-162.78034917622193	0.017449031462199168	117.17212	39.1052054	2.972222328186035
656.2062728661958	-162.78034917622193	0.01898301225008481	117.1721259	39.1052054	2.722222328186035
656.7159308683279	-162.78034917622193	0.02051699303797045	117.1721318	39.1052054	2.5
657.2169496661664	-162.76925455111885	0.022050973825856093	117.1721376	39.1052055	2.194444417953491
