317.5945024304352	-158.42016125214744	3.15156352871105	117.168206	39.1052447	0.9444444179534912
317.0762064465672	-158.42016125214744	3.1530975094989353	117.1682	39.1052447	1.3055555820465088
316.5665496267835	-158.44235050393021	3.15424799508985	117.1681941	39.1052445	1.5555555820465088
316.0655301744941	-158.44235050393021	3.154823237885307	117.1681883	39.1052445	1.7222222089767456
315.56451116988217	-158.45344512982157	3.1557819758777352	117.1681825	39.1052444	1.9166666269302368
315.0375769166576	-158.45344512982157	3.155398480680764	117.1681764	39.1052444	2.1666667461395264
314.51064311084303	-158.46453975492466	3.154056247491364	117.1681703	39.1052443	2.3611111640930176
313.9923471240339	-158.46453975492466	3.152138771506507	117.1681643	39.1052443	2.527777671813965
313.41358371662074	-158.47563438081605	3.150988285915593	117.1681576	39.1052442	2.5833332538604736
312.89528817296696	-158.4867290067074	3.1492625575292212	117.1681516	39.1052441	2.444444417953491
312.35971565154	-158.4867290067074	3.147728576741336	117.1681454	39.1052441	2.5833332538604736
311.8241435724842	-158.4978236325988	3.1460028483549642	117.1681392	39.105244	2.5
311.32312411664094	-158.4978236325988	3.1446606151655643	117.1681334	39.105244	2.555555582046509
310.80482900947607	-158.5200128843816	3.144085372370107	117.1681274	39.1052438	2.5833332538604736
310.2778947517663	-158.5200128843816	3.1433183819761643	117.1681213	39.1052438	2.6666667461395264
309.73368396206337	-158.5200128843816	3.142359643983736	117.168115	39.1052438	2.75
309.20674970435357	-158.5200128843816	3.141209158392822	117.1681089	39.1052438	2.8333332538604736
308.68845327594534	-158.5089182584902	3.1400586728019073	117.1681029	39.1052439	2.8611111640930176
308.15288119138916	-158.5200128843816	3.139099934809479	117.1680967	39.1052438	2.944444417953491
307.6432230304604	-158.5089182584902	3.137949449218565	117.1680908	39.1052439	2.972222328186035
307.1162887734981	-158.5089182584902	3.136607216029165	117.1680847	39.1052439	3.0
306.5807162505516	-158.5089182584902	3.136031973233708	117.1680785	39.1052439	3.055555582046509
306.0537819948169	-158.5089182584902	3.134689740044308	117.1680724	39.1052439	3.1666667461395264
305.5268481725197	-158.5200128843816	3.134306244847336	117.1680663	39.1052438	3.194444417953491
305.0171900153163	-158.5089182584902	3.1335392544533933	117.1680604	39.1052439	3.222222328186035
304.49889402556596	-158.5089182584902	3.132772264059451	117.1680544	39.1052439	3.305555582046509
303.9805980358157	-158.5089182584902	3.132388768862479	117.1680484	39.1052439	3.3611111640930176
303.44502508238503	-158.4978236325988	3.132388768862479	117.1680422	39.105244	3.3888888359069824
302.94400519676844	-158.4867290067074	3.132580516460965	117.1680364	39.1052441	3.444444417953491
302.4257092084887	-158.4867290067074	3.132580516460965	117.1680304	39.1052441	3.5
301.8728601539144	-158.4867290067074	3.133155759256422	117.168024	39.1052441	3.527777671813965
301.3200110993402	-158.4867290067074	3.133922749650365	117.1680176	39.1052441	3.555555582046509
300.81899164420776	-158.4867290067074	3.1348814876427933	117.1680118	39.1052441	3.555555582046509
300.2661421636592	-158.47563438081605	3.135840225635222	117.1680054	39.1052442	3.555555582046509
299.71329310986926	-158.47563438081605	3.137182458824622	117.167999	39.1052442	3.5833332538604736
299.16044405730685	-158.47563438081605	3.1381411968170503	117.1679926	39.1052442	3.5833332538604736
298.6075950035169	-158.47563438081605	3.1394834300064502	117.1679862	39.1052442	3.5833332538604736
298.09793728192005	-158.47563438081605	3.1406339155973644	117.1679803	39.1052442	3.6111111640930176
297.5969178274983	-158.47563438081605	3.141592653589793	117.1679745	39.1052442	3.6388888359069824
297.07862183995394	-158.47563438081605	3.1427431391807072	117.1679685	39.1052442	3.6111111640930176
296.5776028062737	-158.4867290067074	3.1433183819761643	117.1679627	39.1052441	3.5833332538604736
296.059306817994	-158.4867290067074	3.144277119968593	117.1679567	39.1052441	3.5833332538604736
295.5323725625268	-158.4867290067074	3.14485236276405	117.1679506	39.1052441	3.555555582046509
294.9795235079526	-158.4867290067074	3.145619353157993	117.1679442	39.1052441	3.527777671813965
294.4353131382682	-158.4978236325988	3.1460028483549642	117.1679379	39.105244	3.527777671813965
293.8824640829096	-158.4978236325988	3.146386343551936	117.1679315	39.105244	3.527777671813965
293.3296150287786	-158.4978236325988	3.146386343551936	117.1679251	39.105244	3.5
292.7508511742762	-158.4978236325988	3.146386343551936	117.1679184	39.105244	3.5
292.24119386582305	-158.5089182584902	3.146386343551936	117.1679125	39.1052439	3.527777671813965
291.6624300104996	-158.5089182584902	3.146386343551936	117.1679058	39.1052439	3.5
291.1441340207492	-158.5089182584902	3.1465780911504213	117.1678998	39.1052439	3.5
290.62583844329697	-158.5200128843816	3.14619459595345	117.1678938	39.1052438	3.5
290.09890418558723	-158.5200128843816	3.145811100756479	117.1678877	39.1052438	3.472222328186035
289.5806081951016	-158.5200128843816	3.145619353157993	117.1678817	39.1052438	3.472222328186035
289.07095047184015	-158.5200128843816	3.1452358579610213	117.1678758	39.1052438	3.472222328186035
288.518101414913	-158.5200128843816	3.14485236276405	117.1678694	39.1052438	3.444444417953491
287.98252929975473	-158.53110750948466	3.144468867567079	117.1678632	39.1052437	3.444444417953491
287.48150984177914	-158.53110750948466	3.144085372370107	117.1678574	39.1052437	3.4166667461395264
286.9804903838036	-158.53110750948466	3.1438936247716214	117.1678516	39.1052437	3.4166667461395264
286.4794713310162	-158.54220213537604	3.1433183819761643	117.1678458	39.1052436	3.3888888359069824
285.97845187232986	-158.54220213537604	3.14351012957465	117.16784	39.1052436	3.3611111640930176
285.4256028138341	-158.54220213537604	3.142934886779193	117.1678336	39.1052436	3.3611111640930176
284.8727537565659	-158.54220213537604	3.142359643983736	117.1678272	39.1052436	3.3333332538604736
284.32854296409124	-158.54220213537604	3.142359643983736	117.1678209	39.1052436	3.3333332538604736
283.78433217284413	-158.54220213537604	3.1419761487867643	117.1678146	39.1052436	3.305555582046509
283.266036180888	-158.54220213537604	3.141784401188279	117.1678086	39.1052436	3.277777671813965
282.75637845495294	-158.54220213537604	3.1414009059913073	117.1678027	39.1052436	3.277777671813965
282.2380824629968	-158.54220213537604	3.141017410794336	117.1677967	39.1052436	3.277777671813965
281.72842473828933	-158.54220213537604	3.141209158392822	117.1677908	39.1052436	3.25
281.2187670123543	-158.54220213537604	3.1406339155973644	117.1677849	39.1052436	3.25
280.7091096846489	-158.55329676126743	3.14082566319585	117.167779	39.1052435	3.25
280.2080898277329	-158.54220213537604	3.1406339155973644	117.1677732	39.1052436	3.222222328186035
279.6552411659717	-158.55329676126743	3.140250420400393	117.1677668	39.1052435	3.222222328186035
279.1542217065746	-158.55329676126743	3.139866925203422	117.167761	39.1052435	3.222222328186035
278.6445639799165	-158.55329676126743	3.139866925203422	117.1677551	39.1052435	3.222222328186035
278.091714921864	-158.55329676126743	3.1394834300064502	117.1677487	39.1052435	3.194444417953491
277.5906954612393	-158.55329676126743	3.1394834300064502	117.1677429	39.1052435	3.222222328186035
277.0896760018422	-158.55329676126743	3.139099934809479	117.1677371	39.1052435	3.194444417953491
276.5800182764117	-158.55329676126743	3.138908187210993	117.1677312	39.1052435	3.194444417953491
276.0703605497536	-158.55329676126743	3.138908187210993	117.1677253	39.1052435	3.194444417953491
275.56070282309554	-158.55329676126743	3.138332944415536	117.1677194	39.1052435	3.222222328186035
275.05104509766505	-158.55329676126743	3.1387164396125073	117.1677135	39.1052435	3.25
274.5327491049736	-158.55329676126743	3.138332944415536	117.1677075	39.1052435	3.277777671813965
274.02309137831554	-158.55329676126743	3.138332944415536	117.1677016	39.1052435	3.305555582046509
273.5047949976149	-158.54220213537604	3.137949449218565	117.1676956	39.1052436	3.305555582046509
272.98649900565874	-158.54220213537604	3.137757701620079	117.1676896	39.1052436	3.3333332538604736
272.4595647464539	-158.54220213537604	3.137757701620079	117.1676835	39.1052436	3.3888888359069824
271.9326304884766	-158.54220213537604	3.137182458824622	117.1676774	39.1052436	3.4166667461395264
271.39705834826975	-158.55329676126743	3.1373742064231074	117.1676712	39.1052435	3.4166667461395264
270.8528471720036	-158.54220213537604	3.137182458824622	117.1676649	39.1052436	3.444444417953491
270.30863637952893	-158.54220213537604	3.137182458824622	117.1676586	39.1052436	3.472222328186035
269.7644255882819	-158.54220213537604	3.1373742064231074	117.1676523	39.1052436	3.5
269.202938263765	-158.54220213537604	3.137565954021593	117.1676458	39.1052436	3.527777671813965
268.65872785365224	-158.55329676126743	3.137949449218565	117.1676395	39.1052435	3.5833332538604736
268.157708012604	-158.54220213537604	3.137949449218565	117.1676337	39.1052436	3.555555582046509
267.65668855391766	-158.54220213537604	3.138332944415536	117.1676279	39.1052436	3.5833332538604736
267.1556690952313	-158.54220213537604	3.139099934809479	117.1676221	39.1052436	3.6111111640930176
266.62009657000533	-158.54220213537604	3.1400586728019073	117.1676159	39.1052436	3.6388888359069824
266.0758857787583	-158.54220213537604	3.141209158392822	117.1676096	39.1052436	3.6388888359069824
265.5403132535323	-158.54220213537604	3.1433183819761643	117.1676034	39.1052436	3.6666667461395264
264.996102836996	-158.55329676126743	3.1452358579610213	117.1675971	39.1052435	3.694444417953491
264.47780684430455	-158.55329676126743	3.1471533339458784	117.1675911	39.1052435	3.694444417953491
263.9508725855797	-158.55329676126743	3.14887906233225	117.167585	39.1052435	3.722222328186035
263.43257659288827	-158.55329676126743	3.1504130431201354	117.167579	39.1052435	3.777777671813965
262.9056427059085	-158.56439138715882	3.15156352871105	117.1675729	39.1052434	3.75
262.37870881866127	-158.5754860130502	3.1523305191049924	117.1675668	39.1052433	3.805555582046509
261.8517749286913	-158.5865806389416	3.15290576190045	117.1675607	39.1052432	3.805555582046509
261.316202771144	-158.59767526404465	3.153864499892878	117.1675545	39.1052431	3.805555582046509
260.8151836789107	-158.60876988993607	3.154056247491364	117.1675487	39.105243	3.8333332538604736
260.314164585256	-158.61986451582746	3.15424799508985	117.1675429	39.1052429	3.8611111640930176
259.74403898782873	-158.61986451582746	3.154631490286821	117.1675363	39.1052429	3.8611111640930176
259.23438125806007	-158.61986451582746	3.1544397426883353	117.1675304	39.1052429	3.8888888359069824
258.69017082717335	-158.63095914171882	3.153864499892878	117.1675241	39.1052428	3.8888888359069824
258.1459600297499	-158.63095914171882	3.15424799508985	117.1675178	39.1052428	3.944444417953491
257.6363030290251	-158.6531483935016	3.154056247491364	117.1675119	39.1052426	3.9166667461395264
257.11800702971607	-158.6531483935016	3.153289257097421	117.1675059	39.1052426	3.972222328186035
256.5565200611991	-158.66424301860465	3.152714014301964	117.1674994	39.1052425	4.0
256.003670994076	-158.66424301860465	3.1523305191049924	117.167493	39.1052425	4.0
255.47673709030934	-158.67533764449604	3.150988285915593	117.1674869	39.1052424	4.05555534362793
254.94980318504764	-158.68643227038743	3.150796538317107	117.1674808	39.1052423	4.083333492279053
254.38831584894797	-158.68643227038743	3.150796538317107	117.1674743	39.1052423	4.027777671813965
253.81819024789542	-158.68643227038743	3.149454305127707	117.1674677	39.1052423	4.111111164093018
253.25670327230733	-158.69752689627882	3.1490708099307354	117.1674612	39.1052422	4.083333492279053
252.75568380244258	-158.69752689627882	3.14887906233225	117.1674554	39.1052422	4.111111164093018
252.21147335818813	-158.70862152217023	3.1484955671352783	117.1674491	39.1052421	4.138888835906982
251.67590082156528	-158.70862152217023	3.148303819536793	117.1674429	39.1052421	4.138888835906982
251.17488135221728	-158.70862152217023	3.148687314733764	117.1674371	39.1052421	4.166666507720947
250.66522397104447	-158.71971614806162	3.148112071938307	117.1674312	39.105242	4.19444465637207
250.16420485588262	-158.73081077316468	3.147728576741336	117.1674254	39.1052419	4.166666507720947
249.61999405151076	-158.73081077316468	3.148112071938307	117.1674191	39.1052419	4.166666507720947
249.06714533302238	-158.74190539905607	3.1479203243398213	117.1674127	39.1052418	4.19444465637207
248.55748759407282	-158.74190539905607	3.147728576741336	117.1674068	39.1052418	4.222222328186035
248.03919158888155	-158.74190539905607	3.1479203243398213	117.1674008	39.1052418	4.222222328186035
247.5295342023188	-158.75300002494745	3.1479203243398213	117.1673949	39.1052417	4.222222328186035
246.9766851289213	-158.75300002494745	3.147728576741336	117.1673885	39.1052417	4.277777671813965
246.41519778926983	-158.75300002494745	3.14753682914285	117.167382	39.1052417	4.277777671813965
245.9055403984525	-158.76409465083884	3.147345081544364	117.1673761	39.1052416	4.277777671813965
245.37860612552447	-158.76409465083884	3.146961586347393	117.16737	39.1052416	4.30555534362793
244.85167185136885	-158.76409465083884	3.146961586347393	117.1673639	39.1052416	4.30555534362793
244.32473792505354	-158.7751892767302	3.1471533339458784	117.1673578	39.1052415	4.333333492279053
243.7978036501504	-158.7751892767302	3.146961586347393	117.1673517	39.1052415	4.333333492279053
243.27086937647482	-158.7751892767302	3.146769838748907	117.1673456	39.1052415	4.361111164093018
242.70074376772422	-158.7751892767302	3.1471533339458784	117.167339	39.1052415	4.361111164093018
242.1997246377096	-158.7862839026216	3.146961586347393	117.1673332	39.1052414	4.388888835906982
241.6641520957682	-158.7862839026216	3.1465780911504213	117.167327	39.1052414	4.416666507720947
241.12857989590523	-158.79737852772467	3.146769838748907	117.1673208	39.1052413	4.416666507720947
240.59300735320406	-158.79737852772467	3.146386343551936	117.1673146	39.1052413	4.44444465637207
240.0919878781699	-158.79737852772467	3.14619459595345	117.1673088	39.1052413	4.472222328186035
239.59096874303282	-158.8084731536161	3.146386343551936	117.167303	39.1052412	4.472222328186035
239.05539619957185	-158.8084731536161	3.146386343551936	117.1672968	39.1052412	4.472222328186035
238.51118538856804	-158.8084731536161	3.146386343551936	117.1672905	39.1052412	4.5
237.95833631247658	-158.8084731536161	3.146386343551936	117.1672841	39.1052412	4.5
237.45731683673168	-158.8084731536161	3.1465780911504213	117.1672783	39.1052412	4.5
236.94765942959108	-158.81956777950745	3.14619459595345	117.1672724	39.1052411	4.527777671813965
236.39481068685058	-158.83066240539884	3.14619459595345	117.167266	39.105241	4.527777671813965
235.8851529421168	-158.83066240539884	3.1465780911504213	117.1672601	39.105241	4.527777671813965
235.36685726494784	-158.84175703129023	3.1465780911504213	117.1672541	39.1052409	4.55555534362793
234.81400818650351	-158.84175703129023	3.146386343551936	117.1672477	39.1052409	4.55555534362793
234.2957121746947	-158.84175703129023	3.146769838748907	117.1672417	39.1052409	4.55555534362793
233.77741616288586	-158.84175703129023	3.146769838748907	117.1672357	39.1052409	4.583333492279053
233.2245674140793	-158.85285165718162	3.1465780911504213	117.1672293	39.1052408	4.583333492279053
232.70627140153522	-158.85285165718162	3.146961586347393	117.1672233	39.1052408	4.583333492279053
232.1793374507818	-158.86394628228467	3.1471533339458784	117.1672172	39.1052407	4.583333492279053
231.62648804217065	-158.85285165718162	3.146961586347393	117.1672108	39.1052408	4.583333492279053
231.11683062386598	-158.86394628228467	3.147345081544364	117.1672049	39.1052407	4.55555534362793
230.5985346105866	-158.86394628228467	3.147728576741336	117.1671989	39.1052407	4.55555534362793
230.01113246138488	-158.86394628228467	3.1479203243398213	117.1671921	39.1052407	4.55555534362793
229.5014750412932	-158.87504090817606	3.1479203243398213	117.1671862	39.1052406	4.527777671813965
228.9572642256571	-158.87504090817606	3.148112071938307	117.1671799	39.1052406	4.527777671813965
228.40441514485983	-158.87504090817606	3.1479203243398213	117.1671735	39.1052406	4.527777671813965
227.85156638607796	-158.88613553406745	3.148112071938307	117.1671671	39.1052405	4.527777671813965
227.3073555708974	-158.88613553406745	3.148303819536793	117.1671608	39.1052405	4.5
226.79769814429628	-158.89723015995884	3.148303819536793	117.1671549	39.1052404	4.527777671813965
226.28804039522433	-158.89723015995884	3.148303819536793	117.167149	39.1052404	4.5
225.74382989952448	-158.90832478585025	3.1484955671352783	117.1671427	39.1052403	4.5
225.15642774821708	-158.90832478585025	3.1484955671352783	117.1671359	39.1052403	4.472222328186035
224.6554082648476	-158.90832478585025	3.148303819536793	117.1671301	39.1052403	4.472222328186035
224.11119776605958	-158.91941941174164	3.148687314733764	117.1671238	39.1052402	4.44444465637207
223.60153969832797	-158.90832478585025	3.148687314733764	117.1671179	39.1052403	4.472222328186035
223.10052053268888	-158.91941941174164	3.148687314733764	117.1671121	39.1052402	4.44444465637207
222.51311869621765	-158.9305140368447	3.148687314733764	117.1671053	39.1052401	4.44444465637207
222.01209921265422	-158.9305140368447	3.148687314733764	117.1670995	39.1052401	4.472222328186035
221.4765266608355	-158.9305140368447	3.1484955671352783	117.1670933	39.1052401	4.472222328186035
220.97550748953262	-158.9416086627361	3.148687314733764	117.1670875	39.10524	4.44444465637207
220.47448800525842	-158.9416086627361	3.1492625575292212	117.1670817	39.10524	4.416666507720947
219.93027749822295	-158.95270328862748	3.1490708099307354	117.1670754	39.1052399	4.472222328186035
219.39470494488467	-158.95270328862748	3.149454305127707	117.1670692	39.1052399	4.44444465637207
218.85913270203213	-158.96379791451884	3.1498378003246783	117.167063	39.1052398	4.416666507720947
218.32356045766	-158.97489254041022	3.1498378003246783	117.1670568	39.1052397	4.388888835906982
217.78798790280212	-158.97489254041022	3.1498378003246783	117.1670506	39.1052397	4.388888835906982
217.26105361567085	-158.97489254041022	3.15022129552165	117.1670445	39.1052397	4.361111164093018
216.69092829977137	-158.9859871663016	3.1504130431201354	117.1670379	39.1052396	4.388888835906982
216.12080298348192	-158.99708179140467	3.15022129552165	117.1670313	39.1052395	4.361111164093018
215.593868693628	-158.99708179140467	3.15022129552165	117.1670252	39.1052395	4.333333492279053
215.07557267152524	-158.99708179140467	3.15022129552165	117.1670192	39.1052395	4.361111164093018
214.54863868726954	-159.00817641729608	3.150029547923164	117.1670131	39.1052394	4.333333492279053
213.9785133650957	-159.01927104318747	3.15022129552165	117.1670065	39.1052393	4.333333492279053
213.41702600632686	-159.01927104318747	3.150029547923164	117.167	39.1052393	4.333333492279053
212.89009231901335	-159.04146029497025	3.150029547923164	117.1669939	39.1052391	4.333333492279053
212.38907252703515	-159.03036566907886	3.15022129552165	117.1669881	39.1052392	4.333333492279053
211.8275854679802	-159.04146029497025	3.1504130431201354	117.1669816	39.1052391	4.361111164093018
211.30065147612655	-159.05255492086164	3.1504130431201354	117.1669755	39.105239	4.361111164093018
210.73052584715563	-159.05255492086164	3.150796538317107	117.1669689	39.105239	4.388888835906982
210.1690387841546	-159.0636495459647	3.150604790718621	117.1669624	39.1052389	4.361111164093018
209.64210448981544	-159.0636495459647	3.150604790718621	117.1669563	39.1052389	4.361111164093018
209.07197915786446	-159.07474417185608	3.150796538317107	117.1669497	39.1052388	4.361111164093018
208.51049179511284	-159.07474417185608	3.150604790718621	117.1669432	39.1052388	4.361111164093018
207.97491952846158	-159.08583879774747	3.150604790718621	117.166937	39.1052387	4.361111164093018
207.41343216491342	-159.08583879774747	3.150796538317107	117.1669305	39.1052387	4.361111164093018
206.8864978690792	-159.08583879774747	3.150988285915593	117.1669244	39.1052387	4.333333492279053
206.3163725303737	-159.0969334236389	3.1511800335140783	117.1669178	39.1052386	4.333333492279053
205.7894385269639	-159.10802804953025	3.1511800335140783	117.1669117	39.1052385	4.333333492279053
205.22795116182263	-159.10802804953025	3.151371781112564	117.1669052	39.1052385	4.333333492279053
204.66646408703252	-159.11912267542164	3.1511800335140783	117.1668987	39.1052384	4.333333492279053
204.1481683464576	-159.13021730052472	3.151371781112564	117.1668927	39.1052383	4.30555534362793
203.5866809784956	-159.13021730052472	3.15156352871105	117.1668862	39.1052383	4.30555534362793
203.025193899784	-159.14131192641608	3.15156352871105	117.1668797	39.1052382	4.30555534362793
202.5068978681225	-159.14131192641608	3.15156352871105	117.1668737	39.1052382	4.277777671813965
201.94541078708255	-159.15240655230747	3.151947023908021	117.1668672	39.1052381	4.277777671813965
201.39256168545018	-159.15240655230747	3.152138771506507	117.1668608	39.1052381	4.277777671813965
200.86562767131744	-159.16350117819886	3.1523305191049924	117.1668547	39.105238	4.25
200.31277885307557	-159.17459580409025	3.152714014301964	117.1668483	39.1052379	4.222222328186035
199.76856801782176	-159.17459580409025	3.152714014301964	117.166842	39.1052379	4.25
199.25891053335383	-159.18569042998163	3.1525222667034782	117.1668361	39.1052378	4.222222328186035
198.7060614293685	-159.18569042998163	3.1525222667034782	117.1668297	39.1052378	4.19444465637207
198.1618508744661	-159.19678505508472	3.152138771506507	117.1668234	39.1052377	4.19444465637207
197.65219310587236	-159.19678505508472	3.1517552763095353	117.1668175	39.1052377	4.19444465637207
197.08206746761445	-159.19678505508472	3.15156352871105	117.1668109	39.1052377	4.166666507720947
196.5810482458732	-159.2078796809761	3.1517552763095353	117.1668051	39.1052376	4.166666507720947
196.03683740707572	-159.2078796809761	3.151371781112564	117.1667988	39.1052376	4.166666507720947
195.50990338160736	-159.2189743068675	3.150988285915593	117.1667927	39.1052375	4.138888835906982
195.0088838795638	-159.2189743068675	3.1511800335140783	117.1667869	39.1052375	4.138888835906982
194.47331158388107	-159.23006893275888	3.151371781112564	117.1667807	39.1052374	4.111111164093018
193.93773901154796	-159.23006893275888	3.1511800335140783	117.1667745	39.1052374	4.083333492279053
193.43671978321368	-159.24116355865027	3.150796538317107	117.1667687	39.1052373	4.083333492279053
192.90978575058648	-159.25225818454163	3.150604790718621	117.1667626	39.1052372	4.083333492279053
192.34829810221396	-159.24116355865027	3.1504130431201354	117.1667561	39.1052373	4.05555534362793
191.82136406804267	-159.25225818454163	3.1504130431201354	117.16675	39.1052372	4.027777671813965
191.25987696387796	-159.26335281043302	3.150988285915593	117.1667435	39.1052371	4.027777671813965
190.73294292789504	-159.2744474355361	3.150796538317107	117.1667374	39.105237	4.0
190.21464661756113	-159.26335281043302	3.15022129552165	117.1667314	39.1052371	4.0
189.69635057781153	-159.26335281043302	3.149646052726193	117.1667254	39.1052371	4.0
189.18669307327033	-159.2744474355361	3.148687314733764	117.1667195	39.105237	4.0
188.59929089446334	-159.2744474355361	3.1479203243398213	117.1667127	39.105237	3.972222328186035
188.04644205097676	-159.28554206142746	3.1479203243398213	117.1667063	39.1052369	3.972222328186035
187.53678427659878	-159.28554206142746	3.147345081544364	117.1667004	39.1052369	3.944444417953491
187.02712676877545	-159.29663668731888	3.146961586347393	117.1666945	39.1052368	3.9166667461395264
186.48291592380156	-159.29663668731888	3.1471533339458784	117.1666882	39.1052368	3.944444417953491
185.96461988184612	-159.29663668731888	3.146961586347393	117.1666822	39.1052368	3.9166667461395264
185.4549621079727	-159.29663668731888	3.146386343551936	117.1666763	39.1052368	3.9166667461395264
184.91075152532343	-159.30773131321027	3.146769838748907	117.16667	39.1052367	3.8611111640930176
184.40973201759365	-159.30773131321027	3.146386343551936	117.1666642	39.1052367	3.8888888359069824
183.90007424176963	-159.30773131321027	3.1460028483549642	117.1666583	39.1052367	3.8888888359069824
183.36450166411794	-159.30773131321027	3.145811100756479	117.1666521	39.1052367	3.8888888359069824
182.86348241580848	-159.31882593910166	3.145427605559507	117.1666463	39.1052366	3.8611111640930176
182.29335676865367	-159.31882593910166	3.14485236276405	117.1666397	39.1052366	3.8333332538604736
181.7577841902422	-159.31882593910166	3.144468867567079	117.1666335	39.1052366	3.8611111640930176
181.25676468180166	-159.31882593910166	3.1438936247716214	117.1666277	39.1052366	3.8333332538604736
180.72119235977127	-159.32992056499305	3.143701877173136	117.1666215	39.1052365	3.8333332538604736
180.15970497747128	-159.32992056499305	3.14351012957465	117.166615	39.1052365	3.8333332538604736
179.59821759639883	-159.32992056499305	3.143126634377679	117.1666085	39.1052365	3.8333332538604736
179.09719834132474	-159.3410151900961	3.143126634377679	117.1666027	39.1052364	3.8333332538604736
178.5357107061751	-159.32992056499305	3.142934886779193	117.1665962	39.1052365	3.805555582046509
178.0346911970238	-159.32992056499305	3.1427431391807072	117.1665904	39.1052365	3.805555582046509
177.533671938504	-159.3410151900961	3.142934886779193	117.1665846	39.1052364	3.8333332538604736
176.97218430557245	-159.32992056499305	3.142934886779193	117.1665781	39.1052365	3.8333332538604736
176.47116479642114	-159.32992056499305	3.1427431391807072	117.1665723	39.1052365	3.805555582046509
175.97014553691082	-159.3410151900961	3.142551391582222	117.1665665	39.1052364	3.8611111640930176
175.41729642194525	-159.3410151900961	3.142359643983736	117.1665601	39.1052364	3.8333332538604736
174.9162769120832	-159.3410151900961	3.14216789638525	117.1665543	39.1052364	3.805555582046509
174.34615101474606	-159.32992056499305	3.1419761487867643	117.1665477	39.1052365	3.8611111640930176
173.84513150559474	-159.32992056499305	3.141592653589793	117.1665419	39.1052365	3.8333332538604736
173.31819719454225	-159.32992056499305	3.141592653589793	117.1665358	39.1052365	3.8333332538604736
172.78262461537096	-159.32992056499305	3.141209158392822	117.1665296	39.1052365	3.8333332538604736
172.24705228055893	-159.3410151900961	3.1414009059913073	117.1665234	39.1052364	3.8333332538604736
171.74603277069684	-159.3410151900961	3.141592653589793	117.1665176	39.1052364	3.805555582046509
171.23637523562917	-159.3521098159875	3.141209158392822	117.1665117	39.1052363	3.8333332538604736
170.73535596727095	-159.36320444187888	3.141209158392822	117.1665059	39.1052362	3.8333332538604736
170.23433621325586	-159.3521098159875	3.141017410794336	117.1665001	39.1052363	3.8333332538604736
169.67284907129763	-159.36320444187888	3.140442167998879	117.1664936	39.1052362	3.8333332538604736
169.10272342090755	-159.36320444187888	3.1400586728019073	117.166487	39.1052362	3.805555582046509
168.5671508394569	-159.36320444187888	3.139866925203422	117.1664808	39.1052362	3.8333332538604736
168.00566321765265	-159.3521098159875	3.139675177604936	117.1664743	39.1052363	3.8333332538604736
167.5046439434836	-159.36320444187888	3.139675177604936	117.1664685	39.1052362	3.8333332538604736
167.00362419527934	-159.3521098159875	3.139675177604936	117.1664627	39.1052363	3.8611111640930176
166.49396641779077	-159.3521098159875	3.1400586728019073	117.1664568	39.1052363	3.8611111640930176
165.96703233946567	-159.36320444187888	3.140250420400393	117.1664507	39.1052362	3.8611111640930176
165.46601282818202	-159.36320444187888	3.140442167998879	117.1664449	39.1052362	3.8611111640930176
164.9649933168984	-159.36320444187888	3.141017410794336	117.1664391	39.1052362	3.8611111640930176
164.46397380438717	-159.36320444187888	3.141209158392822	117.1664333	39.1052362	3.8611111640930176
163.9197627234629	-159.3521098159875	3.141592653589793	117.166427	39.1052363	3.8611111640930176
163.41874321289004	-159.3521098159875	3.14216789638525	117.1664212	39.1052363	3.8333332538604736
162.91772393344127	-159.36320444187888	3.142359643983736	117.1664154	39.1052362	3.8611111640930176
162.4080661540021	-159.36320444187888	3.142551391582222	117.1664095	39.1052362	3.8611111640930176
161.8811316098259	-159.3521098159875	3.143701877173136	117.1664034	39.1052363	3.8611111640930176
161.3801123281958	-159.36320444187888	3.14351012957465	117.1663976	39.1052362	3.8611111640930176
160.87909281691213	-159.36320444187888	3.144085372370107	117.1663918	39.1052362	3.8611111640930176
160.3780733056285	-159.36320444187888	3.1446606151655643	117.166386	39.1052362	3.8611111640930176
159.8338626827715	-159.37429906777027	3.144277119968593	117.1663797	39.1052361	3.8333332538604736
159.33284317077707	-159.37429906777027	3.14485236276405	117.1663739	39.1052361	3.8611111640930176
158.83182365878267	-159.37429906777027	3.145427605559507	117.1663681	39.1052361	3.8611111640930176
158.253059739416	-159.37429906777027	3.145619353157993	117.1663614	39.1052361	3.8888888359069824
157.70021084581984	-159.38539369366165	3.1460028483549642	117.166355	39.105236	3.944444417953491
157.18191479798213	-159.38539369366165	3.1465780911504213	117.166349	39.105236	3.944444417953491
156.63770394805942	-159.38539369366165	3.146769838748907	117.1663427	39.105236	4.0
156.11076985350908	-159.39648831955304	3.146386343551936	117.1663366	39.1052359	3.972222328186035
155.54928224698645	-159.38539369366165	3.1465780911504213	117.1663301	39.105236	4.027777671813965
155.03098619914874	-159.38539369366165	3.146769838748907	117.1663241	39.105236	4.05555534362793
154.50405210354657	-159.39648831955304	3.147345081544364	117.166318	39.1052359	4.027777671813965
154.00303258890304	-159.39648831955304	3.14753682914285	117.1663122	39.1052359	4.111111164093018
153.47609849109497	-159.40758294465613	3.14753682914285	117.1663061	39.1052358	4.05555534362793
152.9405259066052	-159.40758294465613	3.147728576741336	117.1662999	39.1052358	4.083333492279053
152.37903851995685	-159.40758294465613	3.1479203243398213	117.1662934	39.1052358	4.083333492279053
151.85210441786984	-159.41867757054752	3.148112071938307	117.1662873	39.1052357	4.083333492279053
151.35108490303236	-159.41867757054752	3.148112071938307	117.1662815	39.1052357	4.083333492279053
150.82415079996704	-159.4297721964389	3.148303819536793	117.1662754	39.1052356	4.083333492279053
150.28857821395763	-159.4297721964389	3.148687314733764	117.1662692	39.1052356	4.083333492279053
149.75300562794826	-159.4297721964389	3.1492625575292212	117.166263	39.1052356	4.05555534362793
149.22607152064074	-159.44086682233026	3.1498378003246783	117.1662569	39.1052355	4.083333492279053
148.7250520043817	-159.44086682233026	3.1498378003246783	117.1662511	39.1052355	4.083333492279053
148.19811768585382	-159.44086682233026	3.150029547923164	117.166245	39.1052355	4.083333492279053
147.68846011087246	-159.45196144822165	3.150029547923164	117.1662391	39.1052354	4.083333492279053
147.15288752334345	-159.45196144822165	3.15022129552165	117.1662329	39.1052354	4.111111164093018
146.62595341207978	-159.46305607411304	3.15022129552165	117.1662268	39.1052353	4.111111164093018
146.12493389317157	-159.46305607411304	3.150604790718621	117.166221	39.1052353	4.111111164093018
145.58072324437342	-159.4741506992161	3.1504130431201354	117.1662147	39.1052352	4.111111164093018
145.04515065532487	-159.4741506992161	3.150988285915593	117.1662085	39.1052352	4.111111164093018
144.54413134199177	-159.48524532510748	3.150029547923164	117.1662027	39.1052351	4.111111164093018
144.0085587521834	-159.48524532510748	3.1498378003246783	117.1661965	39.1052351	4.138888835906982
143.50753943666902	-159.4963399509989	3.150029547923164	117.1661907	39.105235	4.138888835906982
142.96332857902584	-159.4963399509989	3.149646052726193	117.1661844	39.105235	4.138888835906982
142.4363942555327	-159.4963399509989	3.150604790718621	117.1661783	39.105235	4.166666507720947
141.89218359918564	-159.5074345768903	3.150796538317107	117.166172	39.1052349	4.166666507720947
141.34797273954283	-159.5074345768903	3.150604790718621	117.1661657	39.1052349	4.166666507720947
140.7951238137801	-159.51852920278168	3.150796538317107	117.1661593	39.1052348	4.19444465637207
140.28546602421852	-159.51852920278168	3.150604790718621	117.1661534	39.1052348	4.222222328186035
139.7326170949366	-159.52962382867307	3.150604790718621	117.166147	39.1052347	4.222222328186035
139.1797681653136	-159.54071845377612	3.15022129552165	117.1661406	39.1052346	4.25
138.6614721071819	-159.54071845377612	3.15022129552165	117.1661346	39.1052346	4.277777671813965
138.14317604782266	-159.54071845377612	3.150029547923164	117.1661286	39.1052346	4.25
137.5471357770239	-159.5518130796675	3.150029547923164	117.1661217	39.1052345	4.30555534362793
137.02020144979306	-159.5518130796675	3.149454305127707	117.1661156	39.1052345	4.30555534362793
136.4587140527895	-159.5518130796675	3.1492625575292212	117.1661091	39.1052345	4.30555534362793
135.88858858020117	-159.5629077055589	3.149454305127707	117.1661025	39.1052344	4.333333492279053
135.28391003612435	-159.57400233145026	3.14887906233225	117.1660955	39.1052343	4.361111164093018
134.75697570862602	-159.57400233145026	3.148112071938307	117.1660894	39.1052343	4.361111164093018
134.22140311273932	-159.57400233145026	3.148303819536793	117.1660832	39.1052343	4.388888835906982
133.69446897367982	-159.58509695734168	3.147728576741336	117.1660771	39.1052342	4.388888835906982
133.15889637703333	-159.58509695734168	3.147728576741336	117.1660709	39.1052342	4.416666507720947
132.58877089856475	-159.59619158323306	3.148112071938307	117.1660643	39.1052341	4.388888835906982
132.08775137235486	-159.59619158323306	3.14753682914285	117.1660585	39.1052341	4.416666507720947
131.5867318449174	-159.59619158323306	3.147345081544364	117.1660527	39.1052341	4.44444465637207
131.04252098032578	-159.59619158323306	3.14753682914285	117.1660464	39.1052341	4.44444465637207
130.54150163930927	-159.60728620833615	3.147728576741336	117.1660406	39.105234	4.44444465637207
129.99729077394562	-159.60728620833615	3.1479203243398213	117.1660343	39.105234	4.472222328186035
129.49627124579737	-159.60728620833615	3.148687314733764	117.1660285	39.105234	4.44444465637207
128.98661345167915	-159.60728620833615	3.1490708099307354	117.1660226	39.105234	4.472222328186035
128.4855941058077	-159.6183808342275	3.1492625575292212	117.1660168	39.1052339	4.472222328186035
127.98457457817625	-159.6183808342275	3.149454305127707	117.166011	39.1052339	4.472222328186035
127.44036389283451	-159.6294754601189	3.149454305127707	117.1660047	39.1052338	4.472222328186035
126.93934436449229	-159.6294754601189	3.149646052726193	117.1659989	39.1052338	4.472222328186035
126.4383248349225	-159.6294754601189	3.1498378003246783	117.1659931	39.1052338	4.472222328186035
125.89411414661511	-159.64057008601029	3.15022129552165	117.1659868	39.1052337	4.472222328186035
125.39309461756211	-159.64057008601029	3.150604790718621	117.165981	39.1052337	4.472222328186035
124.88343699721378	-159.65166471190167	3.150796538317107	117.1659751	39.1052336	4.472222328186035
124.38241746745001	-159.65166471190167	3.1511800335140783	117.1659693	39.1052336	4.472222328186035
123.88139811343122	-159.66275933779306	3.1511800335140783	117.1659635	39.1052335	4.472222328186035
123.33718724297977	-159.66275933779306	3.151371781112564	117.1659572	39.1052335	4.472222328186035
122.83616788676741	-159.67385396289612	3.1517552763095353	117.1659514	39.1052334	4.472222328186035
122.3351485291335	-159.68494858878753	3.151947023908021	117.1659456	39.1052333	4.472222328186035
121.7822993898546	-159.68494858878753	3.151947023908021	117.1659392	39.1052333	4.472222328186035
121.28128003001486	-159.69604321467892	3.1525222667034782	117.1659334	39.1052332	4.472222328186035
120.78026049740798	-159.69604321467892	3.1530975094989353	117.1659276	39.1052332	4.472222328186035
120.23604979521389	-159.7071378405703	3.153481004695907	117.1659213	39.1052331	4.5
119.68320065559395	-159.7071378405703	3.153864499892878	117.1659149	39.1052331	4.472222328186035
119.18218112104876	-159.7071378405703	3.15424799508985	117.1659091	39.1052331	4.472222328186035
118.67252348877864	-159.7182324664617	3.1544397426883353	117.1659032	39.105233	4.5
118.12831278327786	-159.72932709235306	3.1550149854837923	117.1658969	39.1052329	4.5
117.58410190819413	-159.72932709235306	3.155398480680764	117.1658906	39.1052329	4.472222328186035
117.03989120037721	-159.74042171745614	3.1557819758777352	117.1658843	39.1052328	4.5
116.48704222243174	-159.75151634334753	3.156165471074707	117.1658779	39.1052327	4.527777671813965
115.98602285081519	-159.7626109692389	3.156548966271678	117.1658721	39.1052326	4.5
115.47636504534698	-159.7626109692389	3.156740713870164	117.1658662	39.1052326	4.527777671813965
114.92351606484237	-159.77370559513028	3.1569324614686494	117.1658598	39.1052325	4.527777671813965
114.37930534893525	-159.7848002210217	3.1569324614686494	117.1658535	39.1052324	4.5
113.82645636407811	-159.7958948469131	3.156740713870164	117.1658471	39.1052323	4.55555534362793
113.27360737887994	-159.80698947201614	3.1569324614686494	117.1658407	39.1052322	4.527777671813965
112.7121201234552	-159.81808409790753	3.156165471074707	117.1658342	39.1052321	4.55555534362793
112.15927097476465	-159.81808409790753	3.1555902282792494	117.1658278	39.1052321	4.55555534362793
111.60642198440517	-159.82917872379892	3.154631490286821	117.1658214	39.105232	4.55555534362793
111.08812606475189	-159.8402733496903	3.1536727522943924	117.1658154	39.1052319	4.55555534362793
110.56982998676754	-159.8402733496903	3.15290576190045	117.1658094	39.1052319	4.55555534362793
110.0169808365084	-159.8402733496903	3.151947023908021	117.165803	39.1052319	4.583333492279053
109.45549357407394	-159.8513679755817	3.150796538317107	117.1657965	39.1052318	4.583333492279053
108.93719764989865	-159.86246260147308	3.150029547923164	117.1657905	39.1052317	4.583333492279053
108.41026330296434	-159.86246260147308	3.1492625575292212	117.1657844	39.1052317	4.611111164093018
107.8574141511366	-159.86246260147308	3.148112071938307	117.165778	39.1052317	4.611111164093018
107.33911822395888	-159.87355722657614	3.1471533339458784	117.165772	39.1052316	4.583333492279053
106.8208221437687	-159.87355722657614	3.145811100756479	117.165766	39.1052316	4.638888835906982
106.2593347224374	-159.87355722657614	3.1446606151655643	117.1657595	39.1052316	4.611111164093018
105.73240052475337	-159.88465185246756	3.144085372370107	117.1657534	39.1052315	4.611111164093018
105.2141044438279	-159.88465185246756	3.1433183819761643	117.1657474	39.1052315	4.638888835906982
104.64397890264982	-159.89574647835894	3.142551391582222	117.1657408	39.1052314	4.638888835906982
104.12568296870754	-159.9068411042503	3.141784401188279	117.1657348	39.1052313	4.611111164093018
103.6073868863115	-159.9068411042503	3.1414009059913073	117.1657288	39.1052313	4.611111164093018
103.04589946381809	-159.9068411042503	3.141017410794336	117.1657223	39.1052313	4.611111164093018
102.52760338142205	-159.9068411042503	3.14082566319585	117.1657163	39.1052313	4.583333492279053
102.00930729902602	-159.9068411042503	3.140442167998879	117.1657103	39.1052313	4.583333492279053
101.45645800012932	-159.89574647835894	3.140442167998879	117.1657039	39.1052314	4.583333492279053
100.93816191846857	-159.89574647835894	3.14082566319585	117.1656979	39.1052314	4.55555534362793
100.42850424802502	-159.9068411042503	3.141209158392822	117.165692	39.1052313	4.583333492279053
99.87565495137093	-159.89574647835894	3.141784401188279	117.1656856	39.1052314	4.55555534362793
99.35735886971017	-159.89574647835894	3.142359643983736	117.1656796	39.1052314	4.55555534362793
98.84770105556562	-159.89574647835894	3.142934886779193	117.1656737	39.1052314	4.55555534362793
98.29485204083149	-159.9068411042503	3.144277119968593	117.1656673	39.1052313	4.55555534362793
97.77655595843545	-159.9068411042503	3.145619353157993	117.1656613	39.1052313	4.55555534362793
97.26689814479543	-159.9068411042503	3.146386343551936	117.1656554	39.1052313	4.527777671813965
96.71404898983047	-159.9068411042503	3.14753682914285	117.165649	39.1052313	4.527777671813965
96.20439131144377	-159.9179357301417	3.14887906233225	117.1656431	39.1052312	4.527777671813965
95.69473349708072	-159.9179357301417	3.1498378003246783	117.1656372	39.1052312	4.5
95.15052274385792	-159.92903035603308	3.1511800335140783	117.1656309	39.1052311	4.5
94.64086506303461	-159.94012498113614	3.1523305191049924	117.165625	39.105231	4.472222328186035
94.13984551356316	-159.94012498113614	3.152714014301964	117.1656192	39.105231	4.44444465637207
93.61291116139606	-159.94012498113614	3.153289257097421	117.1656131	39.105231	4.44444465637207
93.11189174524584	-159.95121960702753	3.153864499892878	117.1656073	39.1052309	4.416666507720947
92.54176618204603	-159.9623142329189	3.15424799508985	117.1656007	39.1052308	4.416666507720947
92.01483182838386	-159.9623142329189	3.1536727522943924	117.1655946	39.1052308	4.388888835906982
91.4792592059044	-159.9623142329189	3.1530975094989353	117.1655884	39.1052308	4.361111164093018
90.95232485101467	-159.9623142329189	3.1523305191049924	117.1655823	39.1052308	4.361111164093018
90.42539075391738	-159.98450348470172	3.15156352871105	117.1655762	39.1052306	4.333333492279053
89.82935025293604	-159.98450348470172	3.150796538317107	117.1655693	39.1052306	4.333333492279053
89.23330987854597	-159.9955981105931	3.1498378003246783	117.1655624	39.1052305	4.30555534362793
88.71501379026768	-159.9955981105931	3.14887906233225	117.1655564	39.1052305	4.277777671813965
88.11897341345119	-160.00669273569616	3.148303819536793	117.1655495	39.1052304	4.277777671813965
87.6093155933039	-160.00669273569616	3.147345081544364	117.1655436	39.1052304	4.25
87.09965777192905	-160.00669273569616	3.146961586347393	117.1655377	39.1052304	4.19444465637207
86.59000007339554	-160.01778736158755	3.145619353157993	117.1655318	39.1052303	4.19444465637207
86.08034213040693	-160.00669273569616	3.145044110362536	117.1655259	39.1052304	4.19444465637207
85.57932269807836	-160.01778736158755	3.143701877173136	117.1655201	39.1052303	4.138888835906982
85.00055873108982	-160.01778736158755	3.1427431391807072	117.1655134	39.1052303	4.138888835906982
84.43907142042079	-160.02888198747894	3.142359643983736	117.1655069	39.1052302	4.111111164093018
83.9380518664907	-160.02888198747894	3.141784401188279	117.1655011	39.1052302	4.083333492279053
83.37656443523518	-160.02888198747894	3.1414009059913073	117.1654946	39.1052302	4.05555534362793
82.81507700397964	-160.02888198747894	3.1406339155973644	117.1654881	39.1052302	4.027777671813965
82.26222784038737	-160.02888198747894	3.140250420400393	117.1654817	39.1052302	4.0
81.70074040913183	-160.02888198747894	3.139675177604936	117.1654752	39.1052302	4.0
81.15652939806965	-160.01778736158755	3.1394834300064502	117.1654689	39.1052303	3.972222328186035
80.61231850414023	-160.01778736158755	3.139099934809479	117.1654626	39.1052303	3.9166667461395264
80.10266068204237	-160.01778736158755	3.1387164396125073	117.1654567	39.1052303	3.9166667461395264
79.59300286117207	-160.01778736158755	3.1387164396125073	117.1654508	39.1052303	3.9166667461395264
79.05743023489363	-160.01778736158755	3.138332944415536	117.1654446	39.1052303	3.8888888359069824
78.5218576086152	-160.01778736158755	3.137949449218565	117.1654384	39.1052303	3.8611111640930176
78.0208380553959	-160.01778736158755	3.137949449218565	117.1654326	39.1052303	3.8333332538604736
77.51981850217659	-160.01778736158755	3.137565954021593	117.1654268	39.1052303	3.805555582046509
76.99288414354916	-160.01778736158755	3.1373742064231074	117.1654207	39.1052303	3.805555582046509
76.4659497861493	-160.01778736158755	3.137182458824622	117.1654146	39.1052303	3.777777671813965
75.94765369640044	-160.01778736158755	3.1373742064231074	117.1654086	39.1052303	3.777777671813965
75.36025146053335	-160.01778736158755	3.1367989636276503	117.1654018	39.1052303	3.722222328186035
74.84195526460957	-160.00669273569616	3.136607216029165	117.1653958	39.1052304	3.694444417953491
74.33229744323471	-160.00669273569616	3.136607216029165	117.1653899	39.1052304	3.722222328186035
73.82263962308745	-160.00669273569616	3.136031973233708	117.165384	39.1052304	3.6388888359069824
73.31298169770675	-159.9955981105931	3.136607216029165	117.1653781	39.1052305	3.6388888359069824
72.81196214590899	-159.9955981105931	3.136990711226136	117.1653723	39.1052305	3.6388888359069824
72.30230432525718	-159.9955981105931	3.137757701620079	117.1653664	39.1052305	3.6111111640930176
71.74081689639131	-159.9955981105931	3.138332944415536	117.1653599	39.1052305	3.6111111640930176
71.23979734459355	-159.9955981105931	3.139099934809479	117.1653541	39.1052305	3.6111111640930176
70.73877779279579	-159.9955981105931	3.139675177604936	117.1653483	39.1052305	3.6388888359069824
70.23775823977046	-159.9955981105931	3.140250420400393	117.1653425	39.1052305	3.6111111640930176
69.65899427442406	-159.9955981105931	3.141017410794336	117.1653358	39.1052305	3.6666667461395264
69.14933645499981	-159.9955981105931	3.141784401188279	117.1653299	39.1052305	3.6666667461395264
68.639678634348	-159.9955981105931	3.14216789638525	117.165324	39.1052305	3.6666667461395264
68.13002091034919	-160.00669273569616	3.143126634377679	117.1653181	39.1052304	3.694444417953491
67.61172482133561	-160.00669273569616	3.1438936247716214	117.1653121	39.1052304	3.694444417953491
67.10206700118835	-160.00669273569616	3.144468867567079	117.1653062	39.1052304	3.6388888359069824
66.55785620122603	-160.01778736158755	3.145427605559507	117.1652999	39.1052303	3.694444417953491
66.02228357617518	-160.01778736158755	3.146386343551936	117.1652937	39.1052303	3.694444417953491
65.5126257540773	-160.01778736158755	3.147728576741336	117.1652878	39.1052303	3.6388888359069824
65.01160610862895	-160.00669273569616	3.148112071938307	117.165282	39.1052304	3.6666667461395264
64.51058655489285	-160.00669273569616	3.1498378003246783	117.1652762	39.1052304	3.694444417953491
63.94909912523044	-160.00669273569616	3.1511800335140783	117.1652697	39.1052304	3.6111111640930176
63.44807966273283	-160.01778736158755	3.1523305191049924	117.1652639	39.1052303	3.6388888359069824
62.93842192992289	-160.02888198747894	3.15290576190045	117.165258	39.1052302	3.6111111640930176
62.437402375992804	-160.02888198747894	3.153864499892878	117.1652522	39.1052302	3.6111111640930176
61.93638282206272	-160.02888198747894	3.153864499892878	117.1652464	39.1052302	3.5833332538604736
61.43536335528823	-160.03997661337033	3.154056247491364	117.1652406	39.1052301	3.6388888359069824
60.908428995165714	-160.03997661337033	3.154631490286821	117.1652345	39.1052301	3.5833332538604736
60.37285645301598	-160.0510712392617	3.153864499892878	117.1652283	39.10523	3.5833332538604736
59.86319871490183	-160.06216586515308	3.1523305191049924	117.1652224	39.1052299	3.6111111640930176
59.30171128125662	-160.06216586515308	3.150604790718621	117.1652159	39.1052299	3.6111111640930176
58.792053456266636	-160.06216586515308	3.1484955671352783	117.16521	39.1052299	3.6111111640930176
58.29103398289911	-160.0732604910445	3.146386343551936	117.1652042	39.1052298	3.6388888359069824
57.79001442489835	-160.0732604910445	3.1452358579610213	117.1651984	39.1052298	3.6666667461395264
57.28035660041291	-160.0732604910445	3.144085372370107	117.1651925	39.1052298	3.6666667461395264
56.77933696308943	-160.06216586515308	3.142551391582222	117.1651867	39.1052299	3.6666667461395264
56.26967913809944	-160.06216586515308	3.1414009059913073	117.1651808	39.1052299	3.6388888359069824
55.760021392213694	-160.0732604910445	3.140250420400393	117.1651749	39.1052298	3.6388888359069824
55.224448762136305	-160.0732604910445	3.138524692014022	117.1651687	39.1052298	3.6388888359069824
54.68023786434665	-160.0732604910445	3.136990711226136	117.1651624	39.1052298	3.6666667461395264
54.17058003863363	-160.0732604910445	3.135840225635222	117.1651565	39.1052298	3.6388888359069824
53.660922138021846	-160.06216586515308	3.1348814876427933	117.1651506	39.1052299	3.6388888359069824
53.15990258073187	-160.06216586515308	3.133347506854908	117.1651448	39.1052299	3.6666667461395264
52.589776879386655	-160.06216586515308	3.133155759256422	117.1651382	39.1052299	3.6111111640930176
52.08875724942827	-160.0510712392617	3.133347506854908	117.1651324	39.10523	3.6111111640930176
51.58773769284907	-160.0510712392617	3.133347506854908	117.1651266	39.10523	3.6111111640930176
51.086718137497435	-160.0510712392617	3.1335392544533933	117.1651208	39.10523	3.6111111640930176
50.58569851038214	-160.03997661337033	3.133155759256422	117.165115	39.1052301	3.6111111640930176
50.084678955741275	-160.03997661337033	3.133922749650365	117.1651092	39.1052301	3.555555582046509
49.58365940110042	-160.03997661337033	3.134114497248851	117.1651034	39.1052301	3.6111111640930176
49.03081030628165	-160.0510712392617	3.134497992445822	117.165097	39.10523	3.555555582046509
48.46932280467174	-160.03997661337033	3.135648478036736	117.1650905	39.1052301	3.5833332538604736
47.91647364029516	-160.03997661337033	3.135264982839765	117.1650841	39.1052301	3.6111111640930176
47.415454085654304	-160.03997661337033	3.1362237208321933	117.1650783	39.1052301	3.5833332538604736
46.91443452978587	-160.03997661337033	3.1367989636276503	117.1650725	39.1052301	3.6111111640930176
46.34430883005828	-160.03997661337033	3.137565954021593	117.1650659	39.1052301	3.6111111640930176
45.843289210381606	-160.02888198747894	3.138524692014022	117.1650601	39.1052302	3.6111111640930176
45.34226965522395	-160.02888198747894	3.138908187210993	117.1650543	39.1052302	3.6388888359069824
44.841250101293866	-160.02888198747894	3.138908187210993	117.1650485	39.1052302	3.6111111640930176
44.34023054736379	-160.02888198747894	3.1394834300064502	117.1650427	39.1052302	3.6388888359069824
43.83057272454288	-160.02888198747894	3.141017410794336	117.1650368	39.1052302	3.6388888359069824
43.32091490294955	-160.02888198747894	3.14082566319585	117.1650309	39.1052302	3.6111111640930176
42.81989534779189	-160.02888198747894	3.1414009059913073	117.1650251	39.1052302	3.6388888359069824
42.3102375862222	-160.03997661337033	3.1414009059913073	117.1650192	39.1052301	3.6388888359069824
41.800579762678275	-160.03997661337033	3.141592653589793	117.1650133	39.1052301	3.6388888359069824
41.29092193913434	-160.03997661337033	3.14216789638525	117.1650074	39.1052301	3.6666667461395264
40.78126411681798	-160.03997661337033	3.1427431391807072	117.1650015	39.1052301	3.694444417953491
40.21113841586282	-160.03997661337033	3.144085372370107	117.1649949	39.1052301	3.6666667461395264
39.701480593546464	-160.03997661337033	3.145044110362536	117.164989	39.1052301	3.6666667461395264
39.191822825602216	-160.0510712392617	3.145427605559507	117.1649831	39.10523	3.694444417953491
38.68216500133526	-160.0510712392617	3.146769838748907	117.1649772	39.10523	3.6666667461395264
38.172507178295874	-160.0510712392617	3.1465780911504213	117.1649713	39.10523	3.6388888359069824
37.65421108634116	-160.0510712392617	3.147728576741336	117.1649653	39.10523	3.6666667461395264
37.1445533147695	-160.06216586515308	3.148687314733764	117.1649594	39.1052299	3.694444417953491
36.6435337587071	-160.06216586515308	3.1490708099307354	117.1649536	39.1052299	3.6666667461395264
36.133875984978616	-160.0732604910445	3.1498378003246783	117.1649477	39.1052298	3.694444417953491
35.56375028159702	-160.0732604910445	3.1504130431201354	117.1649411	39.1052298	3.6666667461395264
35.062730774565765	-160.08435511614758	3.1511800335140783	117.1649353	39.1052297	3.6388888359069824
34.553072949357286	-160.08435511614758	3.1523305191049924	117.1649294	39.1052297	3.6666667461395264
34.052053438953884	-160.09544974203894	3.153481004695907	117.1649236	39.1052296	3.6388888359069824
33.55103388075916	-160.09544974203894	3.1544397426883353	117.1649178	39.1052296	3.6111111640930176
33.04137610170198	-160.10654436793033	3.1555902282792494	117.1649119	39.1052295	3.6111111640930176
32.51444178322102	-160.1176389938217	3.156740713870164	117.1649058	39.1052294	3.6111111640930176
31.952954390923253	-160.1287336197131	3.158082947059564	117.1648993	39.1052293	3.6111111640930176
31.417381801617324	-160.1398282456045	3.159233432650478	117.1648931	39.1052292	3.555555582046509
30.91636228443916	-160.15092287070755	3.159808675445935	117.1648873	39.1052291	3.6111111640930176
30.363513112219547	-160.15092287070755	3.160575665839878	117.1648809	39.1052291	3.5833332538604736
29.82794056145474	-160.17311212249035	3.161150908635335	117.1648747	39.1052289	3.555555582046509
29.301006235157363	-160.18420674838174	3.1615344038323063	117.1648686	39.1052288	3.5833332538604736
28.791348443059054	-160.19530137427313	3.162493141824735	117.1648627	39.1052287	3.6111111640930176
28.22986107995203	-160.21749062526757	3.163260132218678	117.1648562	39.1052285	3.6111111640930176
27.728841553276457	-160.22858525115896	3.1634518798171634	117.1648504	39.1052284	3.6111111640930176
27.227822101205536	-160.2618691288331	3.164410617809592	117.1648446	39.1052281	3.6111111640930176
26.72680257026531	-160.27296375472451	3.164985860605049	117.1648388	39.105228	3.5833332538604736
26.165315158605086	-160.28405837982757	3.1655611034005062	117.1648323	39.1052279	3.6111111640930176
25.66429566114476	-160.30624763161035	3.1655611034005062	117.1648265	39.1052277	3.5833332538604736
25.163276089445326	-160.30624763161035	3.1659445985974775	117.1648207	39.1052277	3.6111111640930176
24.610426941159194	-160.31734225750174	3.1659445985974775	117.1648143	39.1052276	3.6111111640930176
24.10940740295192	-160.32843688339312	3.1659445985974775	117.1648085	39.1052275	3.5833332538604736
23.608387862095526	-160.33953150928448	3.1659445985974775	117.1648027	39.1052274	3.6111111640930176
23.046900441231994	-160.35062613438757	3.166328093794449	117.1647962	39.1052273	3.6111111640930176
22.537242630643412	-160.36172076027896	3.1655611034005062	117.1647903	39.1052272	3.6388888359069824
22.036223116686138	-160.38391001206173	3.165177608203535	117.1647845	39.105227	3.6111111640930176
21.53520357056231	-160.39500463795312	3.164602365408078	117.1647787	39.1052269	3.6111111640930176
21.034184023016937	-160.4060992638445	3.1640271226126204	117.1647729	39.1052268	3.6111111640930176
20.53316447405001	-160.41719388894757	3.1640271226126204	117.1647671	39.1052267	3.6388888359069824
20.032144922433975	-160.42828851483895	3.1640271226126204	117.1647613	39.1052266	3.6111111640930176
19.531125370623958	-160.43938314073034	3.163643627415649	117.1647555	39.1052265	3.6388888359069824
19.030105817392393	-160.45047776662173	3.1623013942262492	117.1647497	39.1052264	3.6111111640930176
18.52908626273928	-160.46157239251315	3.1609591610368493	117.1647439	39.1052263	3.6111111640930176
18.002151874210323	-160.46157239251315	3.1582746946580493	117.1647378	39.1052263	3.6111111640930176
17.466579242319234	-160.47266701840454	3.155973723476221	117.1647316	39.1052262	3.6111111640930176
16.939644878301824	-160.4837616435076	3.15424799508985	117.1647255	39.1052261	3.6111111640930176
16.4040722201121	-160.4837616435076	3.1517552763095353	117.1647193	39.1052261	3.6111111640930176
15.877137830088067	-160.4837616435076	3.1492625575292212	117.1647132	39.1052261	3.6111111640930176
15.324288679046717	-160.50595089529037	3.146769838748907	117.1647068	39.1052259	3.6111111640930176
14.788716019337409	-160.50595089529037	3.145044110362536	117.1647006	39.1052259	3.6388888359069824
14.2531433596281	-160.50595089529037	3.142934886779193	117.1646944	39.1052259	3.6111111640930176
13.71757069991879	-160.50595089529037	3.1419761487867643	117.1646882	39.1052259	3.6666667461395264
13.18199804020948	-160.50595089529037	3.14216789638525	117.164682	39.1052259	3.6111111640930176
12.672340186298344	-160.50595089529037	3.141592653589793	117.1646761	39.1052259	3.6666667461395264
12.162682350869432	-160.51704552118176	3.1414009059913073	117.1646702	39.1052258	3.6388888359069824
11.618471420970303	-160.51704552118176	3.141784401188279	117.1646639	39.1052258	3.6666667461395264
11.074260492298745	-160.51704552118176	3.141017410794336	117.1646576	39.1052258	3.6666667461395264
10.530049578565693	-160.52814014707312	3.14082566319585	117.1646513	39.1052257	3.694444417953491
9.977200379679806	-160.52814014707312	3.14082566319585	117.1646449	39.1052257	3.694444417953491
9.432989450236201	-160.52814014707312	3.140442167998879	117.1646386	39.1052257	3.694444417953491
8.888778519565024	-160.52814014707312	3.139866925203422	117.1646323	39.1052257	3.722222328186035
8.370482395993122	-160.52814014707312	3.139675177604936	117.1646263	39.1052257	3.722222328186035
7.860824541863502	-160.52814014707312	3.139675177604936	117.1646204	39.1052257	3.722222328186035
7.333890148849317	-160.52814014707312	3.1394834300064502	117.1646143	39.1052257	3.75
6.815594025277414	-160.52814014707312	3.140250420400393	117.1646083	39.1052257	3.777777671813965
6.288659633490801	-160.52814014707312	3.141209158392822	117.1646022	39.1052257	3.75
5.770363509918899	-160.52814014707312	3.140442167998879	117.1645962	39.1052257	3.805555582046509
5.243429116904713	-160.52814014707312	3.142359643983736	117.1645901	39.1052257	3.777777671813965
4.681941649804116	-160.52814014707312	3.142934886779193	117.1645836	39.1052257	3.805555582046509
4.1204541827035195	-160.52814014707312	3.144085372370107	117.1645771	39.1052257	3.805555582046509
3.5676049787564326	-160.51704552118176	3.1465780911504213	117.1645707	39.1052258	3.777777671813965
3.066585397902722	-160.52814014707312	3.146961586347393	117.1645649	39.1052257	3.777777671813965
2.513736199016835	-160.52814014707312	3.1479203243398213	117.1645585	39.1052257	3.805555582046509
2.0127166188126253	-160.5503293980676	3.148112071938307	117.1645527	39.1052255	3.777777671813965
1.5116970336207434	-160.561424023959	3.148303819536793	117.1645469	39.1052254	3.805555582046509
1.0106774443459392	-160.561424023959	3.148687314733764	117.1645411	39.1052254	3.805555582046509
0.4491899754929167	-160.57251864985037	3.148303819536793	117.1645346	39.1052253	3.8333332538604736
-0.05182961326508953	-160.57251864985037	3.1484955671352783	117.1645288	39.1052253	3.8611111640930176
-0.5787640088629212	-160.58361327574175	3.148687314733764	117.1645227	39.1052252	3.805555582046509
-1.1143366738907798	-160.58361327574175	3.148303819536793	117.1645165	39.1052252	3.8611111640930176
-1.6412710683142575	-160.57251864985037	3.148112071938307	117.1645104	39.1052253	3.8611111640930176
-2.1768437356705137	-160.58361327574175	3.147345081544364	117.1645042	39.1052252	3.8333332538604736
-2.712416400698373	-160.58361327574175	3.1460028483549642	117.164498	39.1052252	3.8611111640930176
-3.2134359901671528	-160.58361327574175	3.14485236276405	117.1644922	39.1052252	3.8611111640930176
-3.7144555849054637	-160.59470790163314	3.143701877173136	117.1644864	39.1052251	3.8333332538604736
-4.2500282506931155	-160.59470790163314	3.1419761487867643	117.1644802	39.1052251	3.8611111640930176
-4.7856009164807665	-160.59470790163314	3.141017410794336	117.164474	39.1052251	3.8611111640930176
-5.295258776176131	-160.59470790163314	3.139866925203422	117.1644681	39.1052251	3.8611111640930176
-5.7962783663556845	-160.59470790163314	3.1387164396125073	117.1644623	39.1052251	3.8611111640930176
-6.29729795653524	-160.59470790163314	3.137949449218565	117.1644565	39.1052251	3.8888888359069824
-6.806955816230604	-160.59470790163314	3.137565954021593	117.1644506	39.1052251	3.8888888359069824
-7.342528482018255	-160.59470790163314	3.1373742064231074	117.1644444	39.1052251	3.8611111640930176
-7.878101146578334	-160.59470790163314	3.1367989636276503	117.1644382	39.1052251	3.8888888359069824
-8.413673800429887	-160.58361327574175	3.136415468430679	117.164432	39.1052252	3.8888888359069824
-8.949246465457746	-160.58361327574175	3.1362237208321933	117.1644258	39.1052252	3.8888888359069824
-9.49345739998916	-160.58361327574175	3.135648478036736	117.1644195	39.1052252	3.8888888359069824
-9.994476989457942	-160.58361327574175	3.1354567304382504	117.1644137	39.1052252	3.8888888359069824
-10.495496578926723	-160.58361327574175	3.135648478036736	117.1644079	39.1052252	3.8888888359069824
-11.005154437899057	-160.58361327574175	3.135073235241279	117.164402	39.1052252	3.8888888359069824
-11.523450565147376	-160.58361327574175	3.135264982839765	117.164396	39.1052252	3.9166667461395264
-12.03310842289214	-160.58361327574175	3.134689740044308	117.1643901	39.1052252	3.8888888359069824
-12.542766281864477	-160.58361327574175	3.134114497248851	117.1643842	39.1052252	3.8888888359069824
-13.043785871333258	-160.58361327574175	3.1335392544533933	117.1643784	39.1052252	3.9166667461395264
-13.553443711077932	-160.57251864985037	3.133155759256422	117.1643725	39.1052253	3.8888888359069824
-14.063101549376551	-160.561424023959	3.132772264059451	117.1643666	39.1052254	3.8888888359069824
-14.564121137423784	-160.561424023959	3.1316217784685363	117.1643608	39.1052254	3.8888888359069824
-15.108332047750022	-160.5503293980676	3.131430030870051	117.1643545	39.1052255	3.9166667461395264
-15.65254297873772	-160.5503293980676	3.131238283271565	117.1643482	39.1052255	3.9166667461395264
-16.205392156202354	-160.5392347729645	3.1310465356730792	117.1643418	39.1052256	3.972222328186035
-16.715050012282575	-160.5392347729645	3.130471292877622	117.1643359	39.1052256	3.9166667461395264
-17.23334611214159	-160.52814014707312	3.130663040476108	117.1643299	39.1052257	3.944444417953491
-17.75164223571349	-160.52814014707312	3.130087797680651	117.1643239	39.1052257	3.944444417953491
-18.2613000651642	-160.51704552118176	3.130087797680651	117.164318	39.1052258	3.972222328186035
-18.80551096715723	-160.50595089529037	3.129512554885194	117.1643117	39.1052259	3.944444417953491
-19.358360164474508	-160.50595089529037	3.129320807286708	117.1643053	39.1052259	3.972222328186035
-19.91120933231709	-160.49485626939898	3.1289373120897364	117.1642989	39.105226	3.972222328186035
-20.438143694093984	-160.4837616435076	3.128745564491251	117.1642928	39.1052261	4.0
-20.956439814724753	-160.4837616435076	3.128170321695794	117.1642868	39.1052261	4.0
-21.55248035375703	-160.4837616435076	3.127978574097308	117.1642799	39.1052261	4.027777671813965
-22.062138173695974	-160.47266701840454	3.128170321695794	117.164274	39.1052262	4.027777671813965
-22.623625638041354	-160.47266701840454	3.1277868264988222	117.1642675	39.1052262	4.0
-23.17647479889874	-160.46157239251315	3.128170321695794	117.1642611	39.1052263	4.027777671813965
-23.737962227544013	-160.45047776662173	3.128170321695794	117.1642546	39.1052264	4.027777671813965
-24.264896615325434	-160.45047776662173	3.1277868264988222	117.1642485	39.1052264	4.0
-24.791830966708226	-160.43938314073034	3.1277868264988222	117.1642424	39.1052265	4.05555534362793
-25.318765317823516	-160.42828851483895	3.127595078900337	117.1642363	39.1052266	4.05555534362793
-25.91480581586374	-160.41719388894757	3.127403331301851	117.1642294	39.1052267	4.05555534362793
-26.41582535719597	-160.4060992638445	3.127595078900337	117.1642236	39.1052268	4.083333492279053
-26.94275970253718	-160.39500463795312	3.128170321695794	117.1642175	39.1052269	4.05555534362793
-27.469694047610894	-160.38391001206173	3.129320807286708	117.1642114	39.105227	4.083333492279053
-27.99662842967951	-160.38391001206173	3.1297043024836793	117.1642053	39.105227	4.083333492279053
-28.532201040553748	-160.37281538617037	3.130471292877622	117.1641991	39.1052271	4.083333492279053
-29.05049715383168	-160.37281538617037	3.131238283271565	117.1641931	39.1052271	4.083333492279053
-29.586069762451057	-160.36172076027896	3.131430030870051	117.1641869	39.1052272	4.083333492279053
-30.087089338931925	-160.36172076027896	3.132580516460965	117.1641811	39.1052272	4.111111164093018
-30.64857679408417	-160.36172076027896	3.133155759256422	117.1641746	39.1052272	4.083333492279053
-31.14959636933747	-160.36172076027896	3.133347506854908	117.1641688	39.1052272	4.083333492279053
-31.676530749911013	-160.36172076027896	3.134306244847336	117.1641627	39.1052272	4.083333492279053
-32.20346508602651	-160.35062613438757	3.135073235241279	117.1641566	39.1052273	4.05555534362793
-32.70448466056904	-160.35062613438757	3.135648478036736	117.1641508	39.1052273	4.027777671813965
-33.25733384690609	-160.35062613438757	3.136415468430679	117.1641444	39.1052273	3.8888888359069824
-33.81018303324314	-160.35062613438757	3.1373742064231074	117.164138	39.1052273	4.05555534362793
-34.3198408758043	-160.35062613438757	3.137949449218565	117.1641321	39.1052273	3.944444417953491
-34.82086045034683	-160.35062613438757	3.1387164396125073	117.1641263	39.1052273	3.805555582046509
-35.3218800762265	-160.36172076027896	3.139291682407965	117.1641205	39.1052272	3.8888888359069824
-35.87472926212028	-160.36172076027896	3.1400586728019073	117.1641141	39.1052272	3.8333332538604736
-36.427578449241636	-160.36172076027896	3.14082566319585	117.1641077	39.1052272	3.722222328186035
-36.963151099073634	-160.36172076027896	3.1414009059913073	117.1641015	39.1052272	3.6666667461395264
-37.49872374890565	-160.36172076027896	3.141784401188279	117.1640953	39.1052272	3.6388888359069824
-38.02565812947918	-160.36172076027896	3.142359643983736	117.1640892	39.1052272	3.5833332538604736
-38.53531597399095	-160.36172076027896	3.143126634377679	117.1640833	39.1052272	3.555555582046509
-39.04497381850271	-160.36172076027896	3.143701877173136	117.1640774	39.1052272	3.5
-39.5546316617869	-160.36172076027896	3.144277119968593	117.1640715	39.1052272	3.4166667461395264
-40.10748090580692	-160.37281538617037	3.145044110362536	117.1640651	39.1052271	3.3611111640930176
-40.63441528835558	-160.37281538617037	3.146386343551936	117.164059	39.1052271	3.3333332538604736
-41.13543486431965	-160.37281538617037	3.14753682914285	117.1640532	39.1052271	3.1388888359069824
-41.671007514911445	-160.37281538617037	3.148687314733764	117.164047	39.1052271	2.9166667461395264
-42.189303688041456	-160.38391001206173	3.1492625575292212	117.164041	39.105227	2.694444417953491
-42.690323325279145	-160.39500463795312	3.150604790718621	117.1640352	39.1052269	2.3888888359069824
-43.19134296393838	-160.4060992638445	3.1511800335140783	117.1640294	39.1052268	2.055555582046509
