314.3033247161194	-158.46453975492466	3.166903336589906	117.1681679	39.1052443
313.8023061527634	-158.4867290067074	3.1764907165141913	117.1681621	39.1052441
313.301286697631	-158.4867290067074	3.1770659593096484	117.1681563	39.1052441
312.8002681287828	-158.5089182584902	3.18013392088542	117.1681505	39.1052439
312.29924955831905	-158.53110750948466	3.1810926588778483	117.1681447	39.1052437
311.7982305426778	-158.54220213537604	3.1816679016733054	117.1681389	39.1052436
311.29721196723864	-158.56439138715882	3.1835853776581624	117.1681331	39.1052434
310.79619294681606	-158.5754860130502	3.1828183872642195	117.1681273	39.1052433
310.28653566012923	-158.5865806389416	3.1824348920672483	117.1681214	39.1052432
309.7855166368513	-158.59767526404465	3.181859649271791	117.1681156	39.1052431
309.28449805214757	-158.61986451582746	3.181284406476334	117.1681098	39.1052429
308.7748416365145	-158.6531483935016	3.18147615407482	117.1681039	39.1052426
308.2651847779936	-158.67533764449604	3.1809009112793625	117.168098	39.1052424
307.7641657473894	-158.68643227038743	3.1803256684839054	117.1680922	39.1052423
307.2545084479433	-158.69752689627882	3.179942173286934	117.1680863	39.1052422
306.7448524525473	-158.74190539905607	3.179942173286934	117.1680804	39.1052418
306.2351955837099	-158.76409465083884	3.1797504256884483	117.1680745	39.1052416
305.7169004444622	-158.7862839026216	3.1791751828929913	117.1680685	39.1052414
305.2158818349038	-158.8084731536161	3.1778329497035913	117.1680627	39.1052412
304.7148619268733	-158.79737852772467	3.174189745332363	117.1680569	39.1052413
304.2052050486611	-158.81956777950745	3.1707382885596203	117.168051	39.1052411
303.66963336604573	-158.84175703129023	3.167095084188392	117.1680448	39.1052409
303.16861431703273	-158.85285165718162	3.1634518798171634	117.168039	39.1052408
302.6589570014493	-158.86394628228467	3.1590416850519922	117.1680331	39.1052407
302.15793752215046	-158.86394628228467	3.15424799508985	117.1680273	39.1052407
301.6482797752476	-158.86394628228467	3.149646052726193	117.1680214	39.1052407
301.1386220283447	-158.86394628228467	3.1452358579610213	117.1680155	39.1052407
300.62032601506536	-158.86394628228467	3.1406339155973644	117.1680095	39.1052407
300.1106682693901	-158.86394628228467	3.136607216029165	117.1680036	39.1052407
299.6096483638208	-158.85285165718162	3.134497992445822	117.1679978	39.1052408
299.10862888523275	-158.85285165718162	3.134497992445822	117.167992	39.1052408
298.59033287268863	-158.85285165718162	3.134689740044308	117.167986	39.1052408
298.0720364372829	-158.84175703129023	3.134689740044308	117.16798	39.1052409
297.56237869182615	-158.84175703129023	3.135073235241279	117.1679741	39.1052409
297.05272052618125	-158.83066240539884	3.135264982839765	117.1679682	39.105241
296.53442451510773	-158.83066240539884	3.1354567304382504	117.1679622	39.105241
296.02476635041677	-158.81956777950745	3.1354567304382504	117.1679563	39.1052411
295.5064703400785	-158.81956777950745	3.1354567304382504	117.1679503	39.1052411
295.0054508636228	-158.81956777950745	3.136031973233708	117.1679445	39.1052411
294.495793119612	-158.81956777950745	3.136031973233708	117.1679386	39.1052411
293.99477280900163	-158.79737852772467	3.135840225635222	117.1679328	39.1052413
293.4937533339674	-158.79737852772467	3.1367989636276503	117.167927	39.1052413
292.97545774073103	-158.8084731536161	3.136607216029165	117.167921	39.1052412
292.4657999974433	-158.8084731536161	3.1362237208321933	117.1679151	39.1052412
291.94750357366735	-158.79737852772467	3.135648478036736	117.1679091	39.1052413
291.4292075647997	-158.79737852772467	3.135073235241279	117.1679031	39.1052413
290.9281876770386	-158.7862839026216	3.134689740044308	117.1678973	39.1052414
290.42716820148763	-158.7862839026216	3.134497992445822	117.1678915	39.1052414
289.9261487271643	-158.7862839026216	3.133922749650365	117.1678857	39.1052414
289.42512884224624	-158.7751892767302	3.133731002051879	117.1678799	39.1052415
288.9241093686336	-158.7751892767302	3.133155759256422	117.1678741	39.1052415
288.41445162751495	-158.7751892767302	3.132772264059451	117.1678682	39.1052415
287.91343174545227	-158.76409465083884	3.132580516460965	117.1678624	39.1052416
287.3951353310757	-158.75300002494745	3.132005273665508	117.1678564	39.1052417
286.8854775914031	-158.75300002494745	3.1316217784685363	117.1678505	39.1052417
286.37581985173057	-158.75300002494745	3.1316217784685363	117.1678446	39.1052417
285.85752344027054	-158.74190539905607	3.1310465356730792	117.1678386	39.1052418
285.33922703028117	-158.73081077316468	3.130854788074594	117.1678326	39.1052419
284.8382075595116	-158.73081077316468	3.130471292877622	117.1678268	39.1052419
284.3026346180416	-158.71971614806162	3.130663040476108	117.1678206	39.105242
283.8016147453661	-158.70862152217023	3.1302795452791363	117.1678148	39.1052421
283.3005952760181	-158.70862152217023	3.1297043024836793	117.167809	39.1052421
282.79957540424726	-158.69752689627882	3.129512554885194	117.1678032	39.1052422
282.2985555351257	-158.68643227038743	3.128745564491251	117.1677974	39.1052423
281.7975356674255	-158.67533764449604	3.1289373120897364	117.1677916	39.1052424
281.2878779328141	-158.67533764449604	3.128553816892765	117.1677857	39.1052424
280.7782201994303	-158.67533764449604	3.1289373120897364	117.1677798	39.1052424
280.2685624648189	-158.67533764449604	3.128553816892765	117.1677739	39.1052424
279.758904333326	-158.66424301860465	3.128745564491251	117.167768	39.1052425
279.2492466006652	-158.66424301860465	3.129320807286708	117.1677621	39.1052425
278.7309502051976	-158.6531483935016	3.129896050082165	117.1677561	39.1052426
278.2299303434634	-158.6420537676102	3.130471292877622	117.1677503	39.1052427
277.7116343448897	-158.6420537676102	3.131238283271565	117.1677443	39.1052427
277.2019762204208	-158.63095914171882	3.132005273665508	117.1677384	39.1052428
276.6836802225824	-158.63095914171882	3.1321970212639934	117.1677324	39.1052428
276.16538383296034	-158.61986451582746	3.132388768862479	117.1677264	39.1052429
275.64708783462964	-158.61986451582746	3.1321970212639934	117.1677204	39.1052429
275.1374297145356	-158.60876988993607	3.132772264059451	117.1677145	39.105243
274.62777237386473	-158.61986451582746	3.132388768862479	117.1677086	39.1052429
274.118114644096	-158.61986451582746	3.1329640116579363	117.1677027	39.1052429
273.60845652494356	-158.60876988993607	3.132772264059451	117.1676968	39.105243
273.0987987946703	-158.60876988993607	3.1329640116579363	117.1676909	39.105243
272.58914067891453	-158.59767526404465	3.1335392544533933	117.167685	39.1052431
272.07084468328196	-158.59767526404465	3.134497992445822	117.167679	39.1052431
271.56982483455	-158.5865806389416	3.1354567304382504	117.1676732	39.1052432
271.05152883965275	-158.5865806389416	3.136415468430679	117.1676672	39.1052432
270.55050937812325	-158.5865806389416	3.137565954021593	117.1676614	39.1052432
270.0322130001432	-158.5754860130502	3.138524692014022	117.1676554	39.1052433
269.5139173883287	-158.5865806389416	3.139866925203422	117.1676494	39.1052432
268.9956210118192	-158.5754860130502	3.1406339155973644	117.1676434	39.1052433
268.4859632837151	-158.5754860130502	3.14082566319585	117.1676375	39.1052433
267.96766690939916	-158.56439138715882	3.141784401188279	117.1676315	39.1052434
267.45800918201803	-158.56439138715882	3.1427431391807072	117.1676256	39.1052434
266.93971356728696	-158.5754860130502	3.143701877173136	117.1676196	39.1052433
266.4300554624378	-158.56439138715882	3.144468867567079	117.1676137	39.1052434
265.8944829356922	-158.56439138715882	3.145044110362536	117.1676075	39.1052434
265.38482520831116	-158.56439138715882	3.146386343551936	117.1676016	39.1052434
264.88380574820326	-158.56439138715882	3.14753682914285	117.1675958	39.1052434
264.37414839587814	-158.5754860130502	3.1484955671352783	117.1675899	39.1052433
263.8731289350594	-158.5754860130502	3.1498378003246783	117.1675841	39.1052433
263.36347158057737	-158.5865806389416	3.1517552763095353	117.1675782	39.1052432
262.8192607862421	-158.5865806389416	3.154823237885307	117.1675719	39.1052432
262.3009647913448	-158.5865806389416	3.157315956665621	117.1675659	39.1052432
261.79994570121943	-158.59767526404465	3.159425180248964	117.1675601	39.1052431
261.29892660967244	-158.60876988993607	3.1609591610368493	117.1675543	39.105243
260.79790751547637	-158.61986451582746	3.1615344038323063	117.1675485	39.1052429
260.2968884210863	-158.63095914171882	3.161917899029278	117.1675427	39.1052428
259.7872310579157	-158.6420537676102	3.161150908635335	117.1675368	39.1052427
259.27757369452655	-158.6531483935016	3.1609591610368493	117.1675309	39.1052426
258.7592776952176	-158.6531483935016	3.1601921706429064	117.1675249	39.1052426
258.25825859580306	-158.66424301860465	3.159425180248964	117.1675191	39.1052425
257.7572394937394	-158.67533764449604	3.159233432650478	117.1675133	39.1052424
257.23894349295983	-158.67533764449604	3.1582746946580493	117.1675073	39.1052424
256.7206482205767	-158.69752689627882	3.1575077042641064	117.1675013	39.1052422
256.2196287519395	-158.69752689627882	3.156548966271678	117.1674955	39.1052422
255.7013331124416	-158.70862152217023	3.1557819758777352	117.1674895	39.1052421
255.20031364309364	-158.70862152217023	3.1550149854837923	117.1674837	39.1052421
254.68201800141432	-158.71971614806162	3.155398480680764	117.1674777	39.105242
254.17236026391083	-158.71971614806162	3.1544397426883353	117.1674718	39.105242
253.6627032461274	-158.74190539905607	3.154056247491364	117.1674659	39.1052418
253.16168413379643	-158.75300002494745	3.15290576190045	117.1674601	39.1052417
252.66066466160538	-158.75300002494745	3.1530975094989353	117.1674543	39.1052417
252.15100692193278	-158.75300002494745	3.1525222667034782	117.1674484	39.1052417
251.64998780674637	-158.76409465083884	3.1523305191049924	117.1674426	39.1052416
251.13169180008455	-158.76409465083884	3.151947023908021	117.1674366	39.1052416
250.6306723271827	-158.76409465083884	3.150988285915593	117.1674308	39.1052416
250.12101494162272	-158.7751892767302	3.150604790718621	117.1674249	39.1052415
249.6113575546167	-158.7862839026216	3.1498378003246783	117.167419	39.1052414
249.101699460613	-158.7751892767302	3.1492625575292212	117.1674131	39.1052415
248.5920420721609	-158.7862839026216	3.1490708099307354	117.1674072	39.1052414
248.0823843303192	-158.7862839026216	3.148303819536793	117.1674013	39.1052414
247.5727265897051	-158.7862839026216	3.147728576741336	117.1673954	39.1052414
247.05443058157272	-158.7862839026216	3.14753682914285	117.1673894	39.1052414
246.54477318949318	-158.79737852772467	3.146386343551936	117.1673835	39.1052413
246.0264771806255	-158.79737852772467	3.14619459595345	117.1673775	39.1052413
245.51681978636464	-158.8084731536161	3.145811100756479	117.1673716	39.1052412
245.00716204430447	-158.8084731536161	3.145811100756479	117.1673657	39.1052412
244.50614256733198	-158.8084731536161	3.145427605559507	117.1673599	39.1052412
244.00512309158702	-158.8084731536161	3.145427605559507	117.1673541	39.1052412
243.4954656949631	-158.81956777950745	3.145427605559507	117.1673482	39.1052411
242.97716968339728	-158.81956777950745	3.145811100756479	117.1673422	39.1052411
242.46751194061406	-158.81956777950745	3.146961586347393	117.1673363	39.1052411
241.9492162735185	-158.83066240539884	3.147728576741336	117.1673303	39.105241
241.4395585287847	-158.83066240539884	3.1479203243398213	117.1673244	39.105241
240.9126242513714	-158.83066240539884	3.1484955671352783	117.1673183	39.105241
240.41160477297737	-158.83066240539884	3.1490708099307354	117.1673125	39.105241
239.91058529581088	-158.83066240539884	3.149646052726193	117.1673067	39.105241
239.40956615828418	-158.84175703129023	3.1504130431201354	117.1673009	39.1052409
238.90854668040694	-158.84175703129023	3.15156352871105	117.1672951	39.1052409
238.3988889349501	-158.84175703129023	3.152714014301964	117.1672892	39.1052409
237.88923152697618	-158.85285165718162	3.153289257097421	117.1672833	39.1052408
237.3795737820239	-158.85285165718162	3.154056247491364	117.1672774	39.1052408
236.8699163718809	-158.86394628228467	3.154823237885307	117.1672715	39.1052407
236.36025862497797	-158.86394628228467	3.1555902282792494	117.1672656	39.1052407
235.85060121389347	-158.87504090817606	3.156740713870164	117.1672597	39.1052406
235.34958206776398	-158.88613553406745	3.1576994518625923	117.1672539	39.1052405
234.839924652572	-158.89723015995884	3.159233432650478	117.167248	39.1052404
234.32162896950848	-158.90832478585025	3.161150908635335	117.167242	39.1052403
233.7774184844335	-158.91941941174164	3.163068384620192	117.1672357	39.1052402
233.26776073391548	-158.91941941174164	3.165177608203535	117.1672298	39.1052402
232.74946537734237	-158.9416086627361	3.1672868317868774	117.1672238	39.10524
232.24844622254875	-158.95270328862748	3.169012560173249	117.167218	39.1052399
231.73015053213237	-158.96379791451884	3.171505278953563	117.167212	39.1052398
231.22913137324355	-158.97489254041022	3.1732310073399344	117.1672062	39.1052397
230.72811254148445	-158.99708179140467	3.175531978521763	117.1672004	39.1052395
230.22709338026934	-159.00817641729608	3.176874211711163	117.1671946	39.1052394
229.72607454353482	-159.03036566907886	3.178216444900563	117.1671888	39.1052392
229.21641743614484	-159.05255492086164	3.1789834352945054	117.1671829	39.105239
228.70676032586272	-159.07474417185608	3.179942173286934	117.167177	39.1052388
228.19710289018295	-159.08583879774747	3.1810926588778483	117.1671711	39.1052387
227.6874457748397	-159.10802804953025	3.181859649271791	117.1671652	39.1052385
227.16915038993363	-159.13021730052472	3.1830101348627053	117.1671592	39.1052383
226.65949294722978	-159.14131192641608	3.1837771252566482	117.1671533	39.1052382
226.14119723638478	-159.15240655230747	3.184544115650591	117.1671473	39.1052381
225.63154043219103	-159.18569042998163	3.185886348839991	117.1671414	39.1052378
225.1218833030611	-159.2078796809761	3.186653339233934	117.1671355	39.1052376
224.6035879042582	-159.23006893275888	3.186653339233934	117.1671295	39.1052374
224.08529250251416	-159.25225818454163	3.1870368344309052	117.1671235	39.1052372
223.5669974149935	-159.28554206142746	3.1868450868324194	117.1671175	39.1052369
223.04870200663188	-159.30773131321027	3.1874203296278765	117.1671115	39.1052367
222.54768312911153	-159.32992056499305	3.186653339233934	117.1671057	39.1052365
222.02938771491668	-159.3521098159875	3.187228582029391	117.1670997	39.1052363
221.51973056594844	-159.37429906777027	3.1876120772263623	117.1670938	39.1052361
221.01871168105285	-159.39648831955304	3.1876120772263623	117.167088	39.1052359
220.50905483792368	-159.4297721964389	3.1881873200218194	117.1670821	39.1052356
220.0080359466066	-159.45196144822165	3.187995572423334	117.1670763	39.1052354
219.4897405171178	-159.4741506992161	3.1870368344309052	117.1670703	39.1052352
218.98872161883793	-159.4963399509989	3.1855028536430194	117.1670645	39.105235
218.4877027189425	-159.51852920278168	3.183393630059677	117.1670587	39.1052348
217.986683816204	-159.54071845377612	3.182051396870277	117.1670529	39.1052346
217.4856646020852	-159.5518130796675	3.1791751828929913	117.1670471	39.1052345
216.9846453853173	-159.5629077055589	3.1776412021051055	117.1670413	39.1052344
216.48362647547106	-159.58509695734168	3.1751484833247914	117.1670355	39.1052342
215.97396898919143	-159.59619158323306	3.172847512142963	117.1670296	39.1052341
215.4729497674358	-159.60728620833615	3.1707382885596203	117.1670238	39.105234
214.96329258323524	-159.6294754601189	3.168245569779306	117.1670179	39.1052338
214.453635394915	-159.65166471190167	3.1659445985974775	117.167012	39.1052336
213.93533932943046	-159.65166471190167	3.163835375014135	117.167006	39.1052336
213.41704356671116	-159.66275933779306	3.161917899029278	117.167	39.1052335
212.8987481045513	-159.68494858878753	3.160000423044421	117.166994	39.1052333
212.38909030414428	-159.68494858878753	3.158082947059564	117.1669881	39.1052333
211.87079483759717	-159.7071378405703	3.155973723476221	117.1669821	39.1052331
211.36113703574412	-159.7071378405703	3.154631490286821	117.1669762	39.1052331
210.85147923511863	-159.7071378405703	3.151947023908021	117.1669703	39.1052331
210.34182143326555	-159.7071378405703	3.1498378003246783	117.1669644	39.1052331
209.83216363264006	-159.7071378405703	3.147345081544364	117.1669585	39.1052331
209.32250612774342	-159.7182324664617	3.145427605559507	117.1669526	39.105233
208.81284832516732	-159.7182324664617	3.1433183819761643	117.1669467	39.105233
208.30319081932922	-159.72932709235306	3.141592653589793	117.1669408	39.1052329
207.80217157816216	-159.74042171745614	3.1394834300064502	117.166935	39.1052328
207.3011517486233	-159.72932709235306	3.137182458824622	117.1669292	39.1052329
206.7914936519583	-159.7182324664617	3.134689740044308	117.1669233	39.105233
206.27319728943155	-159.7071378405703	3.132772264059451	117.1669173	39.1052331
205.75490122027065	-159.7071378405703	3.130471292877622	117.1669113	39.1052331
205.2366048599497	-159.69604321467892	3.130471292877622	117.1669053	39.1052332
204.71830850109933	-159.68494858878753	3.130663040476108	117.1668993	39.1052333
204.20001243340894	-159.68494858878753	3.1310465356730792	117.1668933	39.1052333
203.6817163657186	-159.68494858878753	3.130854788074594	117.1668873	39.1052333
203.16342029802823	-159.68494858878753	3.1310465356730792	117.1668813	39.1052333
202.6537622101254	-159.67385396289612	3.131238283271565	117.1668754	39.1052334
202.14410412489613	-159.66275933779306	3.131430030870051	117.1668695	39.1052335
201.60853152293112	-159.66275933779306	3.1316217784685363	117.1668633	39.1052335
201.0988734386802	-159.65166471190167	3.1321970212639934	117.1668574	39.1052336
200.58921535710286	-159.64057008601029	3.132580516460965	117.1668515	39.1052337
200.07955755958795	-159.64057008601029	3.132772264059451	117.1668456	39.1052337
199.57853803053496	-159.64057008601029	3.1329640116579363	117.1668398	39.1052337
199.0775185002544	-159.64057008601029	3.1329640116579363	117.166834	39.1052337
198.5764986894898	-159.6294754601189	3.133155759256422	117.1668282	39.1052338
198.07547916114757	-159.6294754601189	3.133155759256422	117.1668224	39.1052338
197.5744593525153	-159.6183808342275	3.1335392544533933	117.1668166	39.1052339
197.05616328923662	-159.6183808342275	3.134497992445822	117.1668106	39.1052339
196.5551437603776	-159.6183808342275	3.1348814876427933	117.1668048	39.1052339
196.0368474189902	-159.60728620833615	3.135648478036736	117.1667988	39.105234
195.52718962487194	-159.60728620833615	3.136031973233708	117.1667929	39.105234
195.00889356232855	-159.60728620833615	3.136607216029165	117.1667869	39.105234
194.49923576698276	-159.60728620833615	3.137565954021593	117.166781	39.105234
193.98957769643263	-159.59619158323306	3.1373742064231074	117.1667751	39.1052341
193.4799199030374	-159.59619158323306	3.1381411968170503	117.1667692	39.1052341
192.97890037559992	-159.59619158323306	3.137757701620079	117.1667634	39.1052341
192.46924230915724	-159.58509695734168	3.1373742064231074	117.1667575	39.1052342
191.95094624808442	-159.58509695734168	3.137565954021593	117.1667515	39.1052342
191.44128845418467	-159.58509695734168	3.137565954021593	117.1667456	39.1052342
190.94026892868553	-159.58509695734168	3.137949449218565	117.1667398	39.1052342
190.42197259746956	-159.57400233145026	3.137757701620079	117.1667338	39.1052343
189.9209533421136	-159.58509695734168	3.137182458824622	117.166728	39.1052342
189.4026570111161	-159.57400233145026	3.1367989636276503	117.166722	39.1052343
188.90163748632776	-159.57400233145026	3.136990711226136	117.1667162	39.1052343
188.38334115873923	-159.5629077055589	3.1381411968170503	117.1667102	39.1052344
187.8477685636123	-159.5629077055589	3.138908187210993	117.166704	39.1052344
187.32947250401003	-159.5629077055589	3.1400586728019073	117.166698	39.1052344
186.8198147127839	-159.5629077055589	3.141209158392822	117.1666921	39.1052344
186.3015186531817	-159.5629077055589	3.142359643983736	117.1666861	39.1052344
185.791860860728	-159.5629077055589	3.142551391582222	117.1666802	39.1052344
185.2735645382864	-159.5518130796675	3.143126634377679	117.1666742	39.1052345
184.76390700867205	-159.5629077055589	3.1433183819761643	117.1666683	39.1052344
184.24561094906983	-159.5629077055589	3.144085372370107	117.1666623	39.1052344
183.73595315661612	-159.5629077055589	3.143701877173136	117.1666564	39.1052344
183.22629536538997	-159.5629077055589	3.1433183819761643	117.1666505	39.1052344
182.69936103741162	-159.5629077055589	3.1427431391807072	117.1666444	39.1052344
182.18106471935718	-159.5518130796675	3.1419761487867643	117.1666384	39.1052345
181.66276891820712	-159.5629077055589	3.1414009059913073	117.1666324	39.1052344
181.16174939412957	-159.5629077055589	3.140250420400393	117.1666266	39.1052344
180.64345333452732	-159.5629077055589	3.139866925203422	117.1666206	39.1052344
180.12515727492504	-159.5629077055589	3.1387164396125073	117.1666146	39.1052344
179.60686096052257	-159.5518130796675	3.138332944415536	117.1666086	39.1052345
179.10584143715573	-159.5518130796675	3.1381411968170503	117.1666028	39.1052345
178.5875453770612	-159.5518130796675	3.137182458824622	117.1665968	39.1052345
178.0606107984513	-159.54071845377612	3.137182458824622	117.1665907	39.1052346
177.54231474031963	-159.54071845377612	3.137565954021593	117.1665847	39.1052346
177.04129521766362	-159.54071845377612	3.137949449218565	117.1665789	39.1052346
176.52299915953193	-159.54071845377612	3.138524692014022	117.1665729	39.1052346
176.02197963564834	-159.54071845377612	3.138524692014022	117.1665671	39.1052346
175.52095986398854	-159.52962382867307	3.138908187210993	117.1665613	39.1052347
175.0199405903363	-159.54071845377612	3.1394834300064502	117.1665555	39.1052346
174.51892082009806	-159.52962382867307	3.139675177604936	117.1665497	39.1052347
174.0179012969252	-159.52962382867307	3.139866925203422	117.1665439	39.1052347
173.51688177497996	-159.52962382867307	3.139866925203422	117.1665381	39.1052347
172.99858571758358	-159.52962382867307	3.140250420400393	117.1665321	39.1052347
172.4975661956383	-159.52962382867307	3.1400586728019073	117.1665263	39.1052347
171.99654642968923	-159.51852920278168	3.140442167998879	117.1665205	39.1052348
171.4955269072272	-159.51852920278168	3.14082566319585	117.1665147	39.1052348
170.97723109312383	-159.52962382867307	3.14216789638525	117.1665087	39.1052347
170.45893503572745	-159.52962382867307	3.1427431391807072	117.1665027	39.1052347
169.94927724667042	-159.52962382867307	3.14351012957465	117.1664968	39.1052347
169.430981189274	-159.52962382867307	3.1438936247716214	117.1664908	39.1052347
168.9299616661012	-159.52962382867307	3.144468867567079	117.166485	39.1052347
168.42894214415594	-159.52962382867307	3.1452358579610213	117.1664792	39.1052347
167.91064608675956	-159.52962382867307	3.145811100756479	117.1664732	39.1052347
167.4096265648143	-159.52962382867307	3.1465780911504213	117.1664674	39.1052347
166.90860704286905	-159.52962382867307	3.14753682914285	117.1664616	39.1052347
166.40758751969622	-159.52962382867307	3.1484955671352783	117.1664558	39.1052347
165.88929146229984	-159.52962382867307	3.149454305127707	117.1664498	39.1052347
165.38827217498354	-159.54071845377612	3.15022129552165	117.166444	39.1052346
164.8786143839759	-159.54071845377612	3.150796538317107	117.1664381	39.1052346
164.37759486131986	-159.54071845377612	3.151371781112564	117.1664323	39.1052346
163.86793730401195	-159.5518130796675	3.151947023908021	117.1664264	39.1052345
163.35827951228129	-159.5518130796675	3.1523305191049924	117.1664205	39.1052345
162.84862195157672	-159.5629077055589	3.1530975094989353	117.1664146	39.1052344
162.33896416035057	-159.5629077055589	3.1536727522943924	117.1664087	39.1052344
161.8293065974769	-159.57400233145026	3.1550149854837923	117.1664028	39.1052343
161.32828707268854	-159.57400233145026	3.155206733082278	117.166397	39.1052343
160.80135274396264	-159.57400233145026	3.1557819758777352	117.1663909	39.1052343
160.30033344658526	-159.58509695734168	3.156740713870164	117.1663851	39.1052342
159.78203761218805	-159.59619158323306	3.1569324614686494	117.1663791	39.1052341
159.28101808597816	-159.59619158323306	3.157891199461078	117.1663733	39.1052341
158.77999878502234	-159.60728620833615	3.1582746946580493	117.1663675	39.105234
158.27034098967653	-159.60728620833615	3.158658189855021	117.1663616	39.105234
157.76932168657618	-159.6183808342275	3.1588499374535064	117.1663558	39.1052339
157.2683023808267	-159.6294754601189	3.1588499374535064	117.16635	39.1052338
156.7586448076489	-159.64057008601029	3.1588499374535064	117.1663441	39.1052337
156.24898723179746	-159.65166471190167	3.158658189855021	117.1663382	39.1052336
155.7306911663129	-159.65166471190167	3.158658189855021	117.1663322	39.1052336
155.2123953210213	-159.66275933779306	3.158466442256535	117.1663262	39.1052335
154.6940994742591	-159.67385396289612	3.157891199461078	117.1663202	39.1052334
154.1930799430738	-159.67385396289612	3.1575077042641064	117.1663144	39.1052334
153.67478409413025	-159.68494858878753	3.1575077042641064	117.1663084	39.1052333
153.1737647783074	-159.69604321467892	3.1569324614686494	117.1663026	39.1052332
152.67274524570055	-159.69604321467892	3.1569324614686494	117.1662968	39.1052332
152.1717259289729	-159.7071378405703	3.156548966271678	117.166291	39.1052331
151.67070639565526	-159.7071378405703	3.155973723476221	117.1662852	39.1052331
151.16104902269302	-159.72932709235306	3.155973723476221	117.1662793	39.1052329
150.66002948795384	-159.72932709235306	3.1555902282792494	117.1662735	39.1052329
150.15037168465471	-159.72932709235306	3.1550149854837923	117.1662676	39.1052329
149.64935236221638	-159.74042171745614	3.154631490286821	117.1662618	39.1052328
149.13969476977203	-159.75151634334753	3.15424799508985	117.1662559	39.1052327
148.63003717710924	-159.7626109692389	3.153289257097421	117.16625	39.1052326
148.120379371641	-159.7626109692389	3.1525222667034782	117.1662441	39.1052326
147.61072177558154	-159.77370559513028	3.1517552763095353	117.1662382	39.1052325
147.09242570200888	-159.77370559513028	3.1511800335140783	117.1662322	39.1052325
146.58276789704522	-159.77370559513028	3.1504130431201354	117.1662263	39.1052325
146.0731102980814	-159.7848002210217	3.1498378003246783	117.1662204	39.1052324
145.57209075978832	-159.7848002210217	3.14887906233225	117.1662146	39.1052324
145.0537946854804	-159.7848002210217	3.148303819536793	117.1662086	39.1052324
144.53549861117253	-159.7848002210217	3.14753682914285	117.1662026	39.1052324
144.0172025368646	-159.7848002210217	3.147345081544364	117.1661966	39.1052324
143.50754472995033	-159.7848002210217	3.146769838748907	117.1661907	39.1052324
142.98924885849485	-159.7958948469131	3.1460028483549642	117.1661847	39.1052323
142.47959105085755	-159.7958948469131	3.145427605559507	117.1661788	39.1052323
141.96993324444782	-159.7958948469131	3.145044110362536	117.1661729	39.1052323
141.46027543681052	-159.7958948469131	3.144468867567079	117.166167	39.1052323
140.95925589780668	-159.7958948469131	3.144277119968593	117.1661612	39.1052323
140.4495980901694	-159.7958948469131	3.14351012957465	117.1661553	39.1052323
139.9399402825321	-159.7958948469131	3.142551391582222	117.1661494	39.1052323
139.43028247612236	-159.7958948469131	3.141592653589793	117.1661435	39.1052323
138.9033481324457	-159.7958948469131	3.141017410794336	117.1661374	39.1052323
138.39369032603597	-159.7958948469131	3.140250420400393	117.1661315	39.1052323
137.8926705901824	-159.7848002210217	3.139675177604936	117.1661257	39.1052324
137.39165105188937	-159.7848002210217	3.1387164396125073	117.1661199	39.1052324
136.87335497758144	-159.7848002210217	3.1381411968170503	117.1661139	39.1052324
136.36369717066717	-159.7848002210217	3.136990711226136	117.166108	39.1052324
135.8626774396318	-159.77370559513028	3.136415468430679	117.1661022	39.1052325
135.36165790204953	-159.77370559513028	3.135264982839765	117.1660964	39.1052325
134.85200009585827	-159.77370559513028	3.134689740044308	117.1660905	39.1052325
134.3423422908946	-159.77370559513028	3.1335392544533933	117.1660846	39.1052325
133.84132256221005	-159.7626109692389	3.132772264059451	117.1660788	39.1052326
133.32302630023327	-159.75151634334753	3.1321970212639934	117.1660728	39.1052327
132.8220069525012	-159.7626109692389	3.131238283271565	117.166067	39.1052326
132.32098722791181	-159.75151634334753	3.130854788074594	117.1660612	39.1052327
131.8026909688272	-159.74042171745614	3.131430030870051	117.1660552	39.1052328
131.30167143337724	-159.74042171745614	3.132388768862479	117.1660494	39.1052328
130.79201344380627	-159.72932709235306	3.134497992445822	117.1660435	39.1052329
130.29099390906708	-159.72932709235306	3.137182458824622	117.1660377	39.1052329
129.78133610576796	-159.72932709235306	3.139866925203422	117.1660318	39.1052329
129.27167830246884	-159.72932709235306	3.1427431391807072	117.1660259	39.1052329
128.76202031772837	-159.7182324664617	3.145044110362536	117.16602	39.105233
128.25236251515227	-159.7182324664617	3.146769838748907	117.1660141	39.105233
127.73406644525605	-159.7182324664617	3.1484955671352783	117.1660081	39.105233
127.23304709172747	-159.72932709235306	3.150029547923164	117.1660023	39.1052329
126.7320275569883	-159.72932709235306	3.1511800335140783	117.1659965	39.1052329
126.23100820009982	-159.74042171745614	3.1523305191049924	117.1659907	39.1052328
125.72998884301737	-159.75151634334753	3.151947023908021	117.1659849	39.1052327
125.22033103827218	-159.75151634334753	3.1523305191049924	117.165979	39.1052327
124.71067323475457	-159.75151634334753	3.151947023908021	117.1659731	39.1052327
124.20965369859384	-159.75151634334753	3.151371781112564	117.1659673	39.1052327
123.69999589384865	-159.75151634334753	3.150988285915593	117.1659614	39.1052327
123.19033808910348	-159.75151634334753	3.15022129552165	117.1659555	39.1052327
122.68068045962745	-159.7626109692389	3.149454305127707	117.1659496	39.1052326
122.17966109485921	-159.77370559513028	3.1490708099307354	117.1659438	39.1052325
121.67000328989553	-159.77370559513028	3.14887906233225	117.1659379	39.1052325
121.1603454837043	-159.77370559513028	3.14887906233225	117.165932	39.1052325
120.65068767751305	-159.77370559513028	3.148112071938307	117.1659261	39.1052325
120.13239160394042	-159.77370559513028	3.14753682914285	117.1659201	39.1052325
119.6227339686802	-159.7848002210217	3.146769838748907	117.1659142	39.1052324
119.11307599278551	-159.77370559513028	3.145427605559507	117.1659083	39.1052325
118.5947799192129	-159.77370559513028	3.14485236276405	117.1659023	39.1052325
118.0937603816306	-159.77370559513028	3.1446606151655643	117.1658965	39.1052325
117.59274084404832	-159.77370559513028	3.145044110362536	117.1658907	39.1052325
117.09172130523847	-159.77370559513028	3.145044110362536	117.1658849	39.1052325
116.57342539704335	-159.7848002210217	3.1452358579610213	117.1658789	39.1052324
116.06376742670217	-159.77370559513028	3.14485236276405	117.165873	39.1052325
115.55410962051093	-159.77370559513028	3.1438936247716214	117.1658671	39.1052325
115.0444519775281	-159.7848002210217	3.1427431391807072	117.1658612	39.1052324
114.5261559032202	-159.7848002210217	3.14082566319585	117.1658552	39.1052324
114.01649793578338	-159.77370559513028	3.1394834300064502	117.1658493	39.1052325
113.51547839697352	-159.77370559513028	3.137949449218565	117.1658435	39.1052325
113.01445885939125	-159.77370559513028	3.135840225635222	117.1658377	39.1052325
112.51343916219118	-159.7626109692389	3.133731002051879	117.1658319	39.1052326
112.01241962531968	-159.7626109692389	3.131238283271565	117.1658261	39.1052326
111.49412339431058	-159.75151634334753	3.128745564491251	117.1658201	39.1052327
110.9844655895654	-159.75151634334753	3.126828088506394	117.1658142	39.1052327
110.46616936074994	-159.74042171745614	3.125294107718508	117.1658082	39.1052328
109.9565114007374	-159.72932709235306	3.124910612521537	117.1658023	39.1052329
109.45549171071858	-159.7182324664617	3.12433536972608	117.1657965	39.105233
108.94583375358592	-159.7071378405703	3.124143622127594	117.1657906	39.1052331
108.44481406642247	-159.69604321467892	3.123951874529108	117.1657848	39.1052332
107.94379438068056	-159.68494858878753	3.12433536972608	117.165779	39.1052333
107.43413642786153	-159.67385396289612	3.12433536972608	117.1657731	39.1052334
106.92447862940512	-159.67385396289612	3.1245271173245652	117.1657672	39.1052334
106.42345894601401	-159.66275933779306	3.125485855316994	117.1657614	39.1052335
105.89652446230473	-159.65166471190167	3.127211583703365	117.1657553	39.1052336
105.39550493254096	-159.65166471190167	3.128745564491251	117.1657495	39.1052336
104.8944852527405	-159.64057008601029	3.129896050082165	117.1657437	39.1052337
104.39346557558916	-159.6294754601189	3.131238283271565	117.1657379	39.1052338
103.89244589985935	-159.6183808342275	3.132580516460965	117.1657321	39.1052339
103.38278810379052	-159.6183808342275	3.134114497248851	117.1657262	39.1052339
102.87313030894924	-159.6183808342275	3.135840225635222	117.1657203	39.1052339
102.37211063608704	-159.60728620833615	3.137565954021593	117.1657145	39.105234
101.86245284074123	-159.60728620833615	3.139291682407965	117.1657086	39.105234
101.35279504539541	-159.60728620833615	3.141017410794336	117.1657027	39.105234
100.84313725127717	-159.60728620833615	3.1427431391807072	117.1656968	39.105234
100.34211772312894	-159.60728620833615	3.144468867567079	117.165691	39.105234
99.8410983378484	-159.6183808342275	3.146386343551936	117.1656852	39.1052339
99.34007866928759	-159.60728620833615	3.147728576741336	117.1656794	39.105234
98.83905914236692	-159.60728620833615	3.149646052726193	117.1656736	39.105234
98.32940148651667	-159.6183808342275	3.151371781112564	117.1656677	39.1052339
97.81974369044784	-159.6183808342275	3.1530975094989353	117.1656618	39.1052339
97.31008603365603	-159.6294754601189	3.154631490286821	117.1656559	39.1052338
96.80042823686416	-159.6294754601189	3.155973723476221	117.16565	39.1052338
96.29077044007231	-159.6294754601189	3.157315956665621	117.1656441	39.1052338
95.78111291626878	-159.65166471190167	3.1588499374535064	117.1656382	39.1052336
95.27145511803087	-159.65166471190167	3.159808675445935	117.1656323	39.1052336
94.7531591869684	-159.66275933779306	3.1615344038323063	117.1656263	39.1052335
94.22622498716431	-159.67385396289612	3.1621096466277634	117.1656202	39.1052334
93.70792891898165	-159.67385396289612	3.1628766370217063	117.1656142	39.1052334
93.17235644966385	-159.68494858878753	3.1647941130065633	117.165608	39.1052333
92.65406064486184	-159.7071378405703	3.1655611034005062	117.165602	39.1052331
92.13576457447334	-159.7071378405703	3.167095084188392	117.165596	39.1052331
91.63474517115382	-159.7182324664617	3.167862074582335	117.1655902	39.105233
91.10781109243864	-159.74042171745614	3.169012560173249	117.1655841	39.1052328
90.60679181406829	-159.7626109692389	3.169012560173249	117.1655783	39.1052326
90.0884958678079	-159.77370559513028	3.169012560173249	117.1655723	39.1052325
89.5701999213045	-159.7848002210217	3.168437317377792	117.1655663	39.1052324
89.05190409966451	-159.80698947201614	3.1672868317868774	117.1655603	39.1052322
88.55088468557308	-159.81808409790753	3.1659445985974775	117.1655545	39.1052321
88.0239503416289	-159.81808409790753	3.1642188702111063	117.1655484	39.1052321
87.52293092414082	-159.82917872379892	3.163068384620192	117.1655426	39.105232
87.01327323900385	-159.8402733496903	3.161917899029278	117.1655367	39.1052319
86.51225381866041	-159.8513679755817	3.1615344038323063	117.1655309	39.1052318
86.00259613064358	-159.86246260147308	3.1609591610368493	117.165525	39.1052317
85.4929384399531	-159.87355722657614	3.1601921706429064	117.1655191	39.1052316
84.9919190165481	-159.88465185246756	3.159808675445935	117.1655133	39.1052315
84.44770825168543	-159.89574647835894	3.1590416850519922	117.165507	39.1052314
83.93805043754087	-159.89574647835894	3.158466442256535	117.1655011	39.1052314
83.42839274175245	-159.9068411042503	3.158082947059564	117.1654952	39.1052313
82.91873504574554	-159.9179357301417	3.157315956665621	117.1654893	39.1052312
82.40907734706497	-159.92903035603308	3.156740713870164	117.1654834	39.1052311
81.89941953075133	-159.92903035603308	3.156165471074707	117.1654775	39.1052311
81.38976183112928	-159.94012498113614	3.1557819758777352	117.1654716	39.105231
80.88010412883358	-159.95121960702753	3.1555902282792494	117.1654657	39.1052309
80.37044631107388	-159.95121960702753	3.155398480680764	117.1654598	39.1052309
79.86078860783667	-159.9623142329189	3.154823237885307	117.1654539	39.1052308
79.35113078935395	-159.9623142329189	3.154631490286821	117.165448	39.1052308
78.84147308394763	-159.97340885881033	3.15424799508985	117.1654421	39.1052307
78.33181537586772	-159.98450348470172	3.154056247491364	117.1654362	39.1052306
77.82215755593894	-159.98450348470172	3.153481004695907	117.1654303	39.1052306
77.3124998469175	-159.9955981105931	3.1530975094989353	117.1654244	39.1052305
76.80284202626568	-159.9955981105931	3.1530975094989353	117.1654185	39.1052305
76.29318431384759	-160.00669273569616	3.152714014301964	117.1654126	39.1052304
75.78352649370032	-160.00669273569616	3.1525222667034782	117.1654067	39.1052304
75.28250704676412	-160.01778736158755	3.151947023908021	117.1654009	39.1052303
74.77284922589381	-160.01778736158755	3.1517552763095353	117.165395	39.1052303
74.27182977804064	-160.02888198747894	3.1511800335140783	117.1653892	39.1052302
73.76217195521973	-160.02888198747894	3.150796538317107	117.1653833	39.1052302
73.25251413239883	-160.02888198747894	3.150604790718621	117.1653774	39.1052302
72.75149457846874	-160.02888198747894	3.15022129552165	117.1653716	39.1052302
72.25047512703716	-160.03997661337033	3.1498378003246783	117.1653658	39.1052301
71.74081730349324	-160.03997661337033	3.149646052726193	117.1653599	39.1052301
71.2397978499171	-160.0510712392617	3.1490708099307354	117.1653541	39.10523
70.73014002565014	-160.0510712392617	3.14887906233225	117.1653482	39.10523
70.2204821029921	-160.03997661337033	3.148303819536793	117.1653423	39.1052301
69.71946264603154	-160.0510712392617	3.148112071938307	117.1653365	39.10523
69.20116665224941	-160.06216586515308	3.1484955671352783	117.1653305	39.1052299
68.6742322918594	-160.06216586515308	3.1492625575292212	117.1653244	39.1052299
68.15593629585918	-160.0732604910445	3.1498378003246783	117.1653184	39.1052298
67.63764020243389	-160.0732604910445	3.150796538317107	117.1653124	39.1052298
67.1193442042278	-160.08435511614758	3.1511800335140783	117.1653064	39.1052297
66.60104820455116	-160.09544974203894	3.1525222667034782	117.1653004	39.1052296
66.08275220217638	-160.10654436793033	3.15290576190045	117.1652944	39.1052295
65.56445610654524	-160.10654436793033	3.154056247491364	117.1652884	39.1052295
65.05479837218103	-160.1176389938217	3.155398480680764	117.1652825	39.1052294
64.5451405435759	-160.1176389938217	3.1563572186731923	117.1652766	39.1052294
64.03548280581504	-160.1287336197131	3.157315956665621	117.1652707	39.1052293
63.534463335621474	-160.1398282456045	3.158082947059564	117.1652649	39.1052292
62.99889079035903	-160.15092287070755	3.157891199461078	117.1652587	39.1052291
62.471956512614874	-160.16201749659893	3.1582746946580493	117.1652526	39.105229
61.97093703807089	-160.17311212249035	3.1576994518625923	117.1652468	39.1052289
61.46991729926395	-160.15092287070755	3.157124209067135	117.165241	39.1052291
60.9688978240092	-160.16201749659893	3.156548966271678	117.1652352	39.105229
60.459239992511954	-160.16201749659893	3.1563572186731923	117.1652293	39.105229
59.94958224729005	-160.17311212249035	3.154631490286821	117.1652234	39.1052289
59.43992449939453	-160.18420674838174	3.15424799508985	117.1652175	39.1052288
58.930266667678794	-160.18420674838174	3.153289257097421	117.1652116	39.1052288
58.42060891761419	-160.19530137427313	3.1525222667034782	117.1652057	39.1052287
57.91095108394785	-160.19530137427313	3.153289257097421	117.1651998	39.1052287
57.401293251509095	-160.19530137427313	3.1536727522943924	117.1651939	39.1052287
56.88299723069304	-160.2063960001645	3.1544397426883353	117.1651879	39.1052286
56.373339396303685	-160.2063960001645	3.1550149854837923	117.165182	39.1052286
55.87231991026476	-160.21749062526757	3.155398480680764	117.1651762	39.1052285
55.3626621536929	-160.22858525115896	3.154631490286821	117.1651703	39.1052284
54.844366049973644	-160.22858525115896	3.154631490286821	117.1651643	39.1052284
54.33470829122044	-160.23967987705032	3.1536727522943924	117.1651584	39.1052283
53.8164121867659	-160.23967987705032	3.1536727522943924	117.1651524	39.1052283
53.30675442705892	-160.2507745029417	3.1530975094989353	117.1651465	39.1052282
52.77982005273319	-160.2507745029417	3.153289257097421	117.1651404	39.1052282
52.261524021684444	-160.2618691288331	3.1523305191049924	117.1651344	39.1052281
51.760504452828116	-160.2618691288331	3.151947023908021	117.1651286	39.1052281
51.24220834690301	-160.2618691288331	3.150988285915593	117.1651226	39.1052281
50.72391231293765	-160.27296375472451	3.149454305127707	117.1651166	39.105228
50.19697800832903	-160.28405837982757	3.1492625575292212	117.1651105	39.1052279
49.67868190093336	-160.28405837982757	3.148687314733764	117.1651045	39.1052279
49.16038579353769	-160.28405837982757	3.1484955671352783	117.1650985	39.1052279
48.64208968614203	-160.28405837982757	3.148687314733764	117.1650925	39.1052279
48.123793578746366	-160.28405837982757	3.14887906233225	117.1650865	39.1052279
47.605497471350695	-160.28405837982757	3.149454305127707	117.1650805	39.1052279
47.09583963190013	-160.28405837982757	3.150029547923164	117.1650746	39.1052279
46.57754359058192	-160.29515300571896	3.150604790718621	117.1650686	39.1052278
46.050609214493605	-160.29515300571896	3.151371781112564	117.1650625	39.1052278
45.5323131709573	-160.30624763161035	3.1523305191049924	117.1650565	39.1052277
45.014017062091064	-160.30624763161035	3.151947023908021	117.1650505	39.1052277
44.51299755231265	-160.31734225750174	3.1530975094989353	117.1650447	39.1052276
43.99470150512444	-160.32843688339312	3.1536727522943924	117.1650387	39.1052275
43.49368193200346	-160.32843688339312	3.15424799508985	117.1650329	39.1052275
42.992662419874236	-160.33953150928448	3.1544397426883353	117.1650271	39.1052274
42.49164284604249	-160.33953150928448	3.154823237885307	117.1650213	39.1052274
41.99062333055336	-160.35062613438757	3.15424799508985	117.1650155	39.1052273
41.46368900955004	-160.36172076027896	3.1550149854837923	117.1650094	39.1052272
40.962669434296735	-160.36172076027896	3.155206733082278	117.1650036	39.1052272
40.45301164717383	-160.37281538617037	3.1550149854837923	117.1649977	39.1052271
39.934715533895904	-160.37281538617037	3.1550149854837923	117.1649917	39.1052271
39.42505774459167	-160.38391001206173	3.1544397426883353	117.1649858	39.105227
38.90676163057846	-160.38391001206173	3.153864499892878	117.1649798	39.105227
38.39710384032044	-160.39500463795312	3.1525222667034782	117.1649739	39.1052269
37.87880772434437	-160.39500463795312	3.1523305191049924	117.1649679	39.1052269
37.36051160959587	-160.39500463795312	3.15156352871105	117.1649619	39.1052269
36.850853816421235	-160.4060992638445	3.150604790718621	117.164956	39.1052268
36.33255770093745	-160.4060992638445	3.150796538317107	117.16495	39.1052268
35.81426163626175	-160.41719388894757	3.150029547923164	117.164944	39.1052267
35.30460378813484	-160.41719388894757	3.15022129552165	117.1649381	39.1052267
34.78630767191577	-160.41719388894757	3.1498378003246783	117.1649321	39.1052267
34.25937328637696	-160.41719388894757	3.1498378003246783	117.164926	39.1052267
33.749715487356845	-160.42828851483895	3.149454305127707	117.1649201	39.1052266
33.231419370402485	-160.42828851483895	3.1492625575292212	117.1649141	39.1052266
32.67857022493494	-160.43938314073034	3.1490708099307354	117.1649077	39.1052265
32.16891237536197	-160.43938314073034	3.148687314733764	117.1649018	39.1052265
31.659254527016575	-160.43938314073034	3.148303819536793	117.1648959	39.1052265
31.14095840932694	-160.43938314073034	3.148112071938307	117.1648899	39.1052265
30.631300603209226	-160.45047776662173	3.14753682914285	117.164884	39.1052264
30.12164275291324	-160.45047776662173	3.14753682914285	117.1648781	39.1052264
29.611984945854005	-160.46157239251315	3.14753682914285	117.1648722	39.1052263
29.102327094834987	-160.46157239251315	3.147728576741336	117.1648663	39.1052263
28.584030975674782	-160.46157239251315	3.1479203243398213	117.1648603	39.1052263
28.08301135418441	-160.45047776662173	3.14887906233225	117.1648545	39.1052264
27.564715274864312	-160.46157239251315	3.1490708099307354	117.1648485	39.1052263
27.055057423845295	-160.46157239251315	3.149646052726193	117.1648426	39.1052263
26.545399572826273	-160.46157239251315	3.1504130431201354	117.1648367	39.1052263
26.03574172303482	-160.46157239251315	3.15156352871105	117.1648308	39.1052263
25.517445640075067	-160.47266701840454	3.150988285915593	117.1648248	39.1052262
25.007787823810443	-160.4837616435076	3.151947023908021	117.1648189	39.1052261
24.498129971345364	-160.4837616435076	3.1517552763095353	117.164813	39.1052261
23.98847212010786	-160.4837616435076	3.152138771506507	117.1648071	39.1052261
23.478814267642782	-160.4837616435076	3.1525222667034782	117.1648012	39.1052261
22.960518179585065	-160.49485626939898	3.15290576190045	117.1647952	39.105226
22.442222058219016	-160.49485626939898	3.15290576190045	117.1647892	39.105226
21.91528769853767	-160.50595089529037	3.1525222667034782	117.1647831	39.1052259
21.39699157643634	-160.50595089529037	3.1530975094989353	117.1647771	39.1052259
20.89597202158715	-160.51704552118176	3.153289257097421	117.1647713	39.1052258
20.369037630548075	-160.51704552118176	3.153864499892878	117.1647652	39.1052258
19.842103266430524	-160.52814014707312	3.1544397426883353	117.1647591	39.1052257
19.31516890204547	-160.5392347729645	3.154631490286821	117.164753	39.1052256
18.814149314192214	-160.5392347729645	3.1555902282792494	117.1647472	39.1052256
18.31312972756653	-160.5392347729645	3.1555902282792494	117.1647414	39.1052256
17.803471897970862	-160.5503293980676	3.156548966271678	117.1647355	39.1052255
17.302452333953042	-160.561424023959	3.157315956665621	117.1647297	39.1052254
16.801432769741243	-160.57251864985037	3.157891199461078	117.1647239	39.1052253
16.291774934604344	-160.58361327574175	3.158658189855021	117.164718	39.1052252
15.782117076859581	-160.58361327574175	3.1582746946580493	117.1647121	39.1052252
15.263820971265355	-160.59470790163314	3.158082947059564	117.1647061	39.1052251
14.754163132501057	-160.60580252752453	3.157315956665621	117.1647002	39.105225
14.235867003782172	-160.60580252752453	3.157315956665621	117.1646942	39.105225
13.708932626211036	-160.6168971526276	3.1569324614686494	117.1646881	39.1052249
13.190636514242257	-160.62799177851898	3.157315956665621	117.1646821	39.1052248
12.67234040203048	-160.63908640441036	3.1575077042641064	117.1646761	39.1052247
12.154044271105745	-160.63908640441036	3.1575077042641064	117.1646701	39.1052247
11.653024694614713	-160.65018103030175	3.1576994518625923	117.1646643	39.1052246
11.134728578751032	-160.66127565619317	3.157315956665621	117.1646583	39.1052245
10.60779419304276	-160.67237028208453	3.1575077042641064	117.1646522	39.1052244
10.106774610998242	-160.6834649071876	3.157315956665621	117.1646464	39.1052243
9.579840208746097	-160.6834649071876	3.157124209067135	117.1646403	39.1052243
9.052905818109329	-160.694559533079	3.156165471074707	117.1646342	39.1052242
8.551886233664984	-160.70565415897036	3.155206733082278	117.1646284	39.1052241
8.0249518413024	-160.71674878486175	3.1544397426883353	117.1646223	39.105224
7.506655705230681	-160.71674878486175	3.1536727522943924	117.1646163	39.105224
6.988359569158961	-160.71674878486175	3.15290576190045	117.1646103	39.105224
6.470063441038456	-160.72784341075314	3.152138771506507	117.1646043	39.1052239
5.960405573894319	-160.72784341075314	3.151947023908021	117.1645984	39.1052239
5.459385982930464	-160.73893803664453	3.151947023908021	117.1645926	39.1052238
4.958366382283277	-160.73893803664453	3.1511800335140783	117.1645868	39.1052238
4.440070244740991	-160.73893803664453	3.1511800335140783	117.1645808	39.1052238
3.921774107198705	-160.73893803664453	3.151371781112564	117.1645748	39.1052238
3.4121162441721546	-160.75003266174758	3.150796538317107	117.1645689	39.1052237
2.9024583743543895	-160.75003266174758	3.150604790718621	117.164563	39.1052237
2.38416223607682	-160.75003266174758	3.150604790718621	117.164557	39.1052237
1.8658661004462704	-160.761127287639	3.1490708099307354	117.164551	39.1052236
1.3648465015413538	-160.7722219135304	3.148687314733764	117.1645452	39.1052235
0.8551886314907494	-160.78331653942178	3.148303819536793	117.1645393	39.1052234
0.3455307595038985	-160.78331653942178	3.148687314733764	117.1645334	39.1052234
-0.15548884275881178	-160.78331653942178	3.1490708099307354	117.1645276	39.1052234
-0.6565084450215221	-160.78331653942178	3.14887906233225	117.1645218	39.1052234
